order_id,product_id
4524f9c3-fbf1-84d4-b6fb-03cd67588a63,a25987bb-e18f-734e-75c2-00807dd9bd9e
bda4b9ab-cca8-a680-9760-110bea7999ff,a25987bb-e18f-734e-75c2-00807dd9bd9e
cbd8ac42-c0e8-d538-7c5e-1d4d2367eb27,a25987bb-e18f-734e-75c2-00807dd9bd9e
80c216dd-0a63-015e-e29d-4df298b853de,a25987bb-e18f-734e-75c2-00807dd9bd9e
ebcaec11-4dcf-67af-d4e3-5b08e30aef11,a25987bb-e18f-734e-75c2-00807dd9bd9e
bd86c51f-5243-7b5c-c48f-5fde04d76c26,a25987bb-e18f-734e-75c2-00807dd9bd9e
72ebddee-53b9-ed48-f1f8-a3eb6d60b16d,a25987bb-e18f-734e-75c2-00807dd9bd9e
54a6c0e0-f4b6-bf93-2662-c5d9d83bf0fa,a25987bb-e18f-734e-75c2-00807dd9bd9e
639ee15c-1abb-4580-8243-e762c80e6129,a25987bb-e18f-734e-75c2-00807dd9bd9e
d3c2f8ec-f6af-43f3-6771-f38fc579f9e4,a25987bb-e18f-734e-75c2-00807dd9bd9e
ee23f368-34ff-9330-d0d5-037a7c11b0b4,1fc2f63c-08b1-7630-3858-00a0e7c57734
d12d29c3-5060-8748-a80a-19a0188606e3,1fc2f63c-08b1-7630-3858-00a0e7c57734
a2726896-dbae-0c3f-0bc1-249868b14309,1fc2f63c-08b1-7630-3858-00a0e7c57734
03f93fc3-eb53-bbd7-e159-2e9ea4c70ee0,1fc2f63c-08b1-7630-3858-00a0e7c57734
e0ef356d-5a32-3a45-ccc5-4aa581f68bb0,1fc2f63c-08b1-7630-3858-00a0e7c57734
d6057842-cc6d-6deb-3422-4b85766ac787,1fc2f63c-08b1-7630-3858-00a0e7c57734
cb942c49-3a3d-3658-1cd0-88784390f538,1fc2f63c-08b1-7630-3858-00a0e7c57734
fe026231-a642-36d6-da19-8a7c57243bbc,1fc2f63c-08b1-7630-3858-00a0e7c57734
e1793fba-58ca-562d-85f4-9ce828e15689,1fc2f63c-08b1-7630-3858-00a0e7c57734
67d67fec-f33c-49e5-508a-e0f18f858768,1fc2f63c-08b1-7630-3858-00a0e7c57734
83ace2ee-ed6d-dbb0-a850-18ff78399dc1,12e5f6f0-cc7f-1bfb-5971-00eeb8d738e9
28dc6776-6be7-a40b-319f-23d171a0563d,12e5f6f0-cc7f-1bfb-5971-00eeb8d738e9
b4391f4d-e4f8-0873-c33d-30ae21e4b5d3,12e5f6f0-cc7f-1bfb-5971-00eeb8d738e9
e06a4d6b-66d6-139b-3186-55ac81b85260,12e5f6f0-cc7f-1bfb-5971-00eeb8d738e9
dd0890c3-53bc-a256-7165-5d18f10d4e69,12e5f6f0-cc7f-1bfb-5971-00eeb8d738e9
709b98ae-f30f-7b93-9f05-62f681a24771,12e5f6f0-cc7f-1bfb-5971-00eeb8d738e9
cfca1f41-9dcc-9c4b-cbbe-8737187f804d,12e5f6f0-cc7f-1bfb-5971-00eeb8d738e9
0e552ee5-e0a4-d55e-e755-91362a8c0c44,12e5f6f0-cc7f-1bfb-5971-00eeb8d738e9
75f8987d-077a-95a0-ab37-b84d8e548d5e,12e5f6f0-cc7f-1bfb-5971-00eeb8d738e9
44fcb7b4-4ff3-511b-741c-d5bb0a082948,12e5f6f0-cc7f-1bfb-5971-00eeb8d738e9
53e3271f-5aee-47a7-1bc5-0233f7bf5581,673658b0-85af-cd5a-342c-017c6aebf261
a3e9319e-1171-3b1d-2af8-39f49264ac13,673658b0-85af-cd5a-342c-017c6aebf261
eb0c857d-7b18-e13d-43ef-4c7e3210731a,673658b0-85af-cd5a-342c-017c6aebf261
c06d037f-3a8c-40e1-0e75-6a09b857c56e,673658b0-85af-cd5a-342c-017c6aebf261
1059bed2-ac32-f950-6272-70730a119413,673658b0-85af-cd5a-342c-017c6aebf261
440119c1-1474-6bd8-46a6-85598749d02d,673658b0-85af-cd5a-342c-017c6aebf261
02ecd174-7494-2af4-77f9-964795c6bf3f,673658b0-85af-cd5a-342c-017c6aebf261
309d7efb-cbd6-6077-8f4a-981499dd3127,673658b0-85af-cd5a-342c-017c6aebf261
1975beeb-cdf7-e94f-3c23-a5e21a928c0d,673658b0-85af-cd5a-342c-017c6aebf261
8b94091f-cc83-b0bf-1aaf-c6f9de806686,673658b0-85af-cd5a-342c-017c6aebf261
6a56c0d0-dcd3-bb4e-6005-203ba7540905,b06bc23c-a8ff-d5a8-df9a-0230747caae2
2f8b99b0-6b2d-3290-b075-2a4971613380,b06bc23c-a8ff-d5a8-df9a-0230747caae2
89fafe66-78ae-197a-7936-4c0666f5910e,b06bc23c-a8ff-d5a8-df9a-0230747caae2
9c744116-0a64-c2ee-15b7-6c6209ebe969,b06bc23c-a8ff-d5a8-df9a-0230747caae2
fadadddc-3e48-0f39-04a9-94e9c4c1403d,b06bc23c-a8ff-d5a8-df9a-0230747caae2
d3446b08-42ae-5dfc-2ef4-b3f1313bdabc,b06bc23c-a8ff-d5a8-df9a-0230747caae2
b539b0a5-9920-98a6-35ab-b69b8cd53db1,b06bc23c-a8ff-d5a8-df9a-0230747caae2
dcd74b83-778e-e53a-c9c6-c32c98130177,b06bc23c-a8ff-d5a8-df9a-0230747caae2
1f97dcad-cdde-d920-8558-c7881cf4f54b,b06bc23c-a8ff-d5a8-df9a-0230747caae2
0bc76332-fa99-d2ce-feb1-cc21f9d7e24a,b06bc23c-a8ff-d5a8-df9a-0230747caae2
1cb2f330-b4fe-f5ad-2b59-0496bf89254b,8bd2ad59-23da-79e8-bb5f-03fcef7a0d8e
54d866fb-8d80-b3ad-f6dc-125528e75b44,8bd2ad59-23da-79e8-bb5f-03fcef7a0d8e
038c078d-a7c5-c0a5-8cd1-264564152bc6,8bd2ad59-23da-79e8-bb5f-03fcef7a0d8e
97cc7c68-c9ec-ac0e-e7e5-43f086e92c17,8bd2ad59-23da-79e8-bb5f-03fcef7a0d8e
c6d67454-a3b9-84da-8f42-6c32caeeb22b,8bd2ad59-23da-79e8-bb5f-03fcef7a0d8e
956ed5e3-997c-b43b-9c15-91a4085fa8fb,8bd2ad59-23da-79e8-bb5f-03fcef7a0d8e
fe4b1834-f326-c165-d871-dcd3f8df6555,8bd2ad59-23da-79e8-bb5f-03fcef7a0d8e
c77ba4a6-815d-25e5-7327-e6e361e73500,8bd2ad59-23da-79e8-bb5f-03fcef7a0d8e
f2ee28d7-a41e-a4e3-dd46-f62541bf27da,8bd2ad59-23da-79e8-bb5f-03fcef7a0d8e
19a82a33-c731-c8f0-0ae2-fd78b7b57511,8bd2ad59-23da-79e8-bb5f-03fcef7a0d8e
ad57415e-b353-9eb3-c248-1d0b9b9b80fa,39d924da-0d43-2def-8edb-04be8a2ec570
de23151a-f472-d667-36ef-23d857761f81,39d924da-0d43-2def-8edb-04be8a2ec570
bf8209ec-55c6-5f87-9ff6-2a799ed7a4f3,39d924da-0d43-2def-8edb-04be8a2ec570
735d1b0a-78f9-f8fd-42ef-35a52e5a4f70,39d924da-0d43-2def-8edb-04be8a2ec570
639e7c75-0d29-422c-8368-3970ec1262d9,39d924da-0d43-2def-8edb-04be8a2ec570
db2d4c61-ad73-be89-ab8e-79ff3c9dfa84,39d924da-0d43-2def-8edb-04be8a2ec570
9f2e3c65-731a-161d-d07e-7b5d69fbb668,39d924da-0d43-2def-8edb-04be8a2ec570
3fa4679a-d367-a2e6-80d2-b503a0195767,39d924da-0d43-2def-8edb-04be8a2ec570
00cf32f7-b036-0a35-f885-e2a889aac96b,39d924da-0d43-2def-8edb-04be8a2ec570
14bc8aa7-a646-7dea-7b4e-f79c5bb7dbd6,39d924da-0d43-2def-8edb-04be8a2ec570
b70ad7f4-0302-1abf-1b33-05a7597a7981,c2db804a-17c5-3db4-e522-098a66b439e3
4d6dfdf9-c0f2-fb7b-f4fa-52890a9ef8f1,c2db804a-17c5-3db4-e522-098a66b439e3
34c413b7-2dde-1f2d-eb0a-55068f4cff60,c2db804a-17c5-3db4-e522-098a66b439e3
32f8fd99-c708-f8b1-86ed-5579241a91b7,c2db804a-17c5-3db4-e522-098a66b439e3
ce9410d0-ba9e-c2a5-b6ee-71f9b6da8b42,c2db804a-17c5-3db4-e522-098a66b439e3
dbf205a4-08c3-bf1c-7639-83f64cc824ac,c2db804a-17c5-3db4-e522-098a66b439e3
040ea6c4-b7a9-490d-d469-999a296c8e13,c2db804a-17c5-3db4-e522-098a66b439e3
a86fc65f-ad1a-f44e-1af7-abd0f8706bf9,c2db804a-17c5-3db4-e522-098a66b439e3
710d6f13-e5d2-6c5e-fd6e-c284df44a04b,c2db804a-17c5-3db4-e522-098a66b439e3
32e8a91a-169d-d199-276a-d409aa1bbc5e,c2db804a-17c5-3db4-e522-098a66b439e3
e58f9f67-6bf3-8261-9c47-132b022fab13,7a70cbfa-82e8-1f68-c3a6-0d22c129a142
bff34a09-12de-d982-0e95-340cfc5db0fb,7a70cbfa-82e8-1f68-c3a6-0d22c129a142
1e690eeb-9415-2453-ef05-70a857cc82b5,7a70cbfa-82e8-1f68-c3a6-0d22c129a142
87e5e66d-4ed8-2025-040d-8445bd12b33e,7a70cbfa-82e8-1f68-c3a6-0d22c129a142
c908338c-909d-9e10-a388-a2c4b2dea74c,7a70cbfa-82e8-1f68-c3a6-0d22c129a142
fddbb3d3-12bf-b131-a11c-b61d49dc6040,7a70cbfa-82e8-1f68-c3a6-0d22c129a142
38f9eea9-96d0-b27d-9ff7-bb544abe7ce9,7a70cbfa-82e8-1f68-c3a6-0d22c129a142
f6608109-b64d-3aba-0257-c1f42bca49aa,7a70cbfa-82e8-1f68-c3a6-0d22c129a142
9bced361-6462-eede-1dff-ccdcb7b85ea5,7a70cbfa-82e8-1f68-c3a6-0d22c129a142
942b39ef-b403-4c34-d578-cf84746a33b7,7a70cbfa-82e8-1f68-c3a6-0d22c129a142
42fb4451-2090-3ebf-d09d-1c9a6b771a00,73c0365c-a080-4cc0-f32b-0df91718deb5
b89a7e50-fc39-fd0c-a0e3-369f36a09561,73c0365c-a080-4cc0-f32b-0df91718deb5
a61a14b6-a7f2-9311-ef66-5c7d663c2544,73c0365c-a080-4cc0-f32b-0df91718deb5
cedd17cd-ada0-1d8e-cb3c-62f7907d3ede,73c0365c-a080-4cc0-f32b-0df91718deb5
525fe236-0f0c-a66f-ae78-73273e9507a9,73c0365c-a080-4cc0-f32b-0df91718deb5
24dde078-8d29-dc8d-3bf4-9d0137369f8e,73c0365c-a080-4cc0-f32b-0df91718deb5
d5cbfff3-68b7-2b85-f3f5-a936c6171350,73c0365c-a080-4cc0-f32b-0df91718deb5
01485480-eafb-5413-24ed-c50539a74dd0,73c0365c-a080-4cc0-f32b-0df91718deb5
0429df91-782b-3b3c-972f-c7348f8b6414,73c0365c-a080-4cc0-f32b-0df91718deb5
4f097534-f7dd-6d37-6839-e1852e72ecf1,73c0365c-a080-4cc0-f32b-0df91718deb5
83ace2ee-ed6d-dbb0-a850-18ff78399dc1,6300c5b3-3080-e716-df30-107559d1d157
66b5c847-5eaa-93d0-69f4-1bbfe8e85319,6300c5b3-3080-e716-df30-107559d1d157
46d31644-4347-8ecb-2555-2a63c4392e12,6300c5b3-3080-e716-df30-107559d1d157
ad410a46-9537-77e6-81a1-48bc6a87e2f5,6300c5b3-3080-e716-df30-107559d1d157
709b98ae-f30f-7b93-9f05-62f681a24771,6300c5b3-3080-e716-df30-107559d1d157
cfca1f41-9dcc-9c4b-cbbe-8737187f804d,6300c5b3-3080-e716-df30-107559d1d157
0e552ee5-e0a4-d55e-e755-91362a8c0c44,6300c5b3-3080-e716-df30-107559d1d157
4fc90694-64fe-c70d-e0f9-9555ffcbb19e,6300c5b3-3080-e716-df30-107559d1d157
44fcb7b4-4ff3-511b-741c-d5bb0a082948,6300c5b3-3080-e716-df30-107559d1d157
8f7d6e63-27b2-5346-f54c-f91bb8e9975a,6300c5b3-3080-e716-df30-107559d1d157
4c82aa22-3de0-aaf8-ca37-007e7e592a89,02ece380-68c9-3bb8-30fc-110266f2b734
5fcd8748-4284-dab0-9531-04adee706e64,02ece380-68c9-3bb8-30fc-110266f2b734
72aeaeb8-b07d-9623-9f93-07a80767f895,02ece380-68c9-3bb8-30fc-110266f2b734
2b113f5f-81d0-56f3-9dee-4c4259bec7d2,02ece380-68c9-3bb8-30fc-110266f2b734
cd739a65-0942-8a49-2c0b-506f6899c68d,02ece380-68c9-3bb8-30fc-110266f2b734
99f9926c-be96-a8c8-2a91-7c199bd0f759,02ece380-68c9-3bb8-30fc-110266f2b734
e2f2146a-57cc-352a-5473-9f19c29fd176,02ece380-68c9-3bb8-30fc-110266f2b734
6e821f86-5dec-ad98-2193-a63e532023e3,02ece380-68c9-3bb8-30fc-110266f2b734
4119da81-5472-52c5-56d5-c85168d39b41,02ece380-68c9-3bb8-30fc-110266f2b734
76e7ae84-ddd7-e01b-ef71-f64822ce910c,02ece380-68c9-3bb8-30fc-110266f2b734
7c592d94-ee08-9af3-3437-6c05ce1179dd,f1e5fb65-42b1-04eb-7d17-11d1bfb2e008
022e7dee-04dc-b647-2c95-751375d2bb40,f1e5fb65-42b1-04eb-7d17-11d1bfb2e008
1ed2601a-8c4c-37af-0354-7685c8280fed,f1e5fb65-42b1-04eb-7d17-11d1bfb2e008
d4a6ffe7-c6a1-1369-2eba-b16fb423a646,f1e5fb65-42b1-04eb-7d17-11d1bfb2e008
1815a079-3e3b-762a-c1fb-f3777e1b7a43,f1e5fb65-42b1-04eb-7d17-11d1bfb2e008
cf79a112-e0bf-c2a4-9923-f3f1d65ca289,f1e5fb65-42b1-04eb-7d17-11d1bfb2e008
c8bb8b03-e338-59f8-7ccc-f435cba9ce3d,f1e5fb65-42b1-04eb-7d17-11d1bfb2e008
0a944b78-968e-d8f8-8a99-f4c8093181da,f1e5fb65-42b1-04eb-7d17-11d1bfb2e008
9cd16148-c782-921b-c330-fc88cf16e5ae,f1e5fb65-42b1-04eb-7d17-11d1bfb2e008
528a69ed-15c2-1af5-68db-fd291fcd8d05,f1e5fb65-42b1-04eb-7d17-11d1bfb2e008
74698bb3-a7eb-62dc-7d58-270af84428c7,ec1d5b2b-b167-7e06-ada0-12bd6120c01e
236a812a-ff7a-a81d-685e-329df792de26,ec1d5b2b-b167-7e06-ada0-12bd6120c01e
63373b0b-1b9f-9f37-15b1-50da284ccf6f,ec1d5b2b-b167-7e06-ada0-12bd6120c01e
ef0c89a5-f894-fba8-16e8-6560551d8b9b,ec1d5b2b-b167-7e06-ada0-12bd6120c01e
60fd067e-c354-be6d-4881-679347374bc2,ec1d5b2b-b167-7e06-ada0-12bd6120c01e
e9f4c039-30fe-43b3-9e58-688b16ec8d0c,ec1d5b2b-b167-7e06-ada0-12bd6120c01e
086c8bc6-ac4c-1705-78e8-c6b68e9e4ca0,ec1d5b2b-b167-7e06-ada0-12bd6120c01e
2c82fa87-825f-a8c7-e9e1-e5e900f47efb,ec1d5b2b-b167-7e06-ada0-12bd6120c01e
affade49-731d-e642-c27e-f07794ced182,ec1d5b2b-b167-7e06-ada0-12bd6120c01e
5142175c-eaa2-14a4-8db4-f3f9e0c38e11,ec1d5b2b-b167-7e06-ada0-12bd6120c01e
8e714374-29d3-a47c-8300-05e58e4e87f5,fad7e84a-411a-3ed3-7820-171500ef5b54
e299df38-3e07-d22e-1d5b-0626a1a81959,fad7e84a-411a-3ed3-7820-171500ef5b54
93883968-818e-68a6-92ee-158f64effa05,fad7e84a-411a-3ed3-7820-171500ef5b54
c086033c-e2b8-cf14-e1ca-2b5cff53d999,fad7e84a-411a-3ed3-7820-171500ef5b54
4a3769d4-ae91-ac97-0536-2c6abb8c470e,fad7e84a-411a-3ed3-7820-171500ef5b54
20957b8e-d347-4d87-94f5-4391f380a928,fad7e84a-411a-3ed3-7820-171500ef5b54
479a3e82-8339-7c22-2a9d-544ae8ce0875,fad7e84a-411a-3ed3-7820-171500ef5b54
56d3b3cb-252e-07bf-79ce-7ac85ce32704,fad7e84a-411a-3ed3-7820-171500ef5b54
429ec11d-77ba-dc69-cde7-c1e3aeb1fb63,fad7e84a-411a-3ed3-7820-171500ef5b54
4f7ec849-dcaf-e386-6e44-d0a4d83e3911,fad7e84a-411a-3ed3-7820-171500ef5b54
c8ed635f-fcea-2967-51fa-0ede707f4e06,dcb35960-63ea-d5fb-04fd-18319db46f6e
aef6b2f9-1177-2eb0-f1ed-47a3765a469d,dcb35960-63ea-d5fb-04fd-18319db46f6e
ed79c8bd-a599-d44b-f81b-86c9e37c6d99,dcb35960-63ea-d5fb-04fd-18319db46f6e
9731446a-95a2-0958-57e7-8b16bb68bd71,dcb35960-63ea-d5fb-04fd-18319db46f6e
12e18f82-3db4-6ccd-e0a2-8f36837084fd,dcb35960-63ea-d5fb-04fd-18319db46f6e
d260f7d7-984a-f89c-3ef3-a995ffbf8f3c,dcb35960-63ea-d5fb-04fd-18319db46f6e
26cd55a6-10ba-376b-bc61-b0096525456b,dcb35960-63ea-d5fb-04fd-18319db46f6e
fcf53ae9-7460-e9d5-1d96-bce3c8e3147f,dcb35960-63ea-d5fb-04fd-18319db46f6e
fcc0f530-88de-a6b0-23e1-c96224754db4,dcb35960-63ea-d5fb-04fd-18319db46f6e
11383c85-e743-b85f-e1f7-cad3f1cf13bf,dcb35960-63ea-d5fb-04fd-18319db46f6e
7572fc2f-9580-7b0c-0c4f-05070b005a75,60b76d5a-c047-1ef1-8ff9-18528ab96046
bc083564-902d-6929-4a5f-3120d0280c9d,60b76d5a-c047-1ef1-8ff9-18528ab96046
484d25a8-17a6-dd6c-69a4-507f159588bd,60b76d5a-c047-1ef1-8ff9-18528ab96046
0de93821-2a37-49aa-87a5-530a2cd9de5c,60b76d5a-c047-1ef1-8ff9-18528ab96046
8b208e68-67fb-9d62-7a38-6bd23f6f9eeb,60b76d5a-c047-1ef1-8ff9-18528ab96046
db515d65-b56f-7b7c-82b3-9964472dc65b,60b76d5a-c047-1ef1-8ff9-18528ab96046
995fabc4-5df2-601b-618f-abab0469f03d,60b76d5a-c047-1ef1-8ff9-18528ab96046
eb4dc234-53d6-7888-d424-e700dd1520c5,60b76d5a-c047-1ef1-8ff9-18528ab96046
7f982a01-d6e5-0cd9-aa80-ed0f8b1fec01,60b76d5a-c047-1ef1-8ff9-18528ab96046
c952eb37-9bff-420a-9f39-f6ee3d5d5839,60b76d5a-c047-1ef1-8ff9-18528ab96046
90401ee8-41d0-f45b-4457-03c9533e64f8,28fe2124-a8c0-52d3-f647-18829b148082
1f44cb3e-67bf-b1ed-51dd-6a012df284ed,28fe2124-a8c0-52d3-f647-18829b148082
c5321ef4-b3b1-ca01-ef83-786fb94d098b,28fe2124-a8c0-52d3-f647-18829b148082
6c7821cf-f4c2-238b-9f38-8dfd2afff8a0,28fe2124-a8c0-52d3-f647-18829b148082
8fd84908-6205-6b36-4846-a07bb22f2b08,28fe2124-a8c0-52d3-f647-18829b148082
5837cdba-1219-dd2d-7b50-c3adaf14e532,28fe2124-a8c0-52d3-f647-18829b148082
272aa639-1391-af11-9bfa-ca88fdfd48cc,28fe2124-a8c0-52d3-f647-18829b148082
9c3d9186-c648-3cbf-0416-cd9d805d2752,28fe2124-a8c0-52d3-f647-18829b148082
cc9a02af-c09a-1df4-39e6-d899e1c2c1e5,28fe2124-a8c0-52d3-f647-18829b148082
78e7c873-223d-e674-ad2b-e5974db4af0d,28fe2124-a8c0-52d3-f647-18829b148082
44accda8-20d1-29ca-8039-110dab90bebf,f2a6110f-7c18-5c00-7dc7-194815d690e3
514343ea-ae17-901c-a9ef-1eea42574e9f,f2a6110f-7c18-5c00-7dc7-194815d690e3
4be24a1c-b1e3-dac4-5f66-2022ae657766,f2a6110f-7c18-5c00-7dc7-194815d690e3
de23151a-f472-d667-36ef-23d857761f81,f2a6110f-7c18-5c00-7dc7-194815d690e3
bf8209ec-55c6-5f87-9ff6-2a799ed7a4f3,f2a6110f-7c18-5c00-7dc7-194815d690e3
735d1b0a-78f9-f8fd-42ef-35a52e5a4f70,f2a6110f-7c18-5c00-7dc7-194815d690e3
639e7c75-0d29-422c-8368-3970ec1262d9,f2a6110f-7c18-5c00-7dc7-194815d690e3
7647e8bd-3123-ace6-52bf-8eccbb894e95,f2a6110f-7c18-5c00-7dc7-194815d690e3
3fa4679a-d367-a2e6-80d2-b503a0195767,f2a6110f-7c18-5c00-7dc7-194815d690e3
69ed91ef-8d1e-b820-54ac-cc80c71a900c,f2a6110f-7c18-5c00-7dc7-194815d690e3
e264100f-a55c-d311-c509-0953b803e9a5,d8fdfc51-096e-df57-7ef6-1a27591ae867
e6351b2e-449a-c588-1561-64d5b59cf51e,d8fdfc51-096e-df57-7ef6-1a27591ae867
d0e862c4-b8c9-8381-5044-78a5c35337c5,d8fdfc51-096e-df57-7ef6-1a27591ae867
c47a2799-cfe4-3ca2-ba05-794b68e82d10,d8fdfc51-096e-df57-7ef6-1a27591ae867
ea99e7ce-8e3f-d971-bf2d-8390b3f7571a,d8fdfc51-096e-df57-7ef6-1a27591ae867
19a1ca92-63ae-1c8c-95c2-970286968288,d8fdfc51-096e-df57-7ef6-1a27591ae867
7a1b45bd-e803-cfca-ef7f-97e4255d6420,d8fdfc51-096e-df57-7ef6-1a27591ae867
ee4aa6cc-7c22-040c-42a3-a91e53754774,d8fdfc51-096e-df57-7ef6-1a27591ae867
0ecc40e8-c6df-406e-be9e-bc3fe48e0a43,d8fdfc51-096e-df57-7ef6-1a27591ae867
0b5b64c4-754e-be32-98e7-ee90142334c2,d8fdfc51-096e-df57-7ef6-1a27591ae867
b179bd52-f7a7-2d4e-f120-0db2dfe89863,3bac8ee9-3433-67d8-d215-1ad7f180ebfd
05682aee-9856-268f-557e-2c72b6d99ec1,3bac8ee9-3433-67d8-d215-1ad7f180ebfd
637a2293-76d4-e157-590f-35aa7f96754e,3bac8ee9-3433-67d8-d215-1ad7f180ebfd
f224b06b-7774-f1a5-a54d-4e5bf875fa7f,3bac8ee9-3433-67d8-d215-1ad7f180ebfd
1f58bc2a-4cc2-31c5-8b74-616cf0b83204,3bac8ee9-3433-67d8-d215-1ad7f180ebfd
5969c55e-b45d-3b94-28c8-73cf8336e6e6,3bac8ee9-3433-67d8-d215-1ad7f180ebfd
7abd1f6b-f4f0-e498-0562-8405f9ebee0b,3bac8ee9-3433-67d8-d215-1ad7f180ebfd
c52fe983-0f51-66f1-b77a-bf7cc7c2ea5e,3bac8ee9-3433-67d8-d215-1ad7f180ebfd
49118872-97fe-4889-7cb4-dc6b97c2022f,3bac8ee9-3433-67d8-d215-1ad7f180ebfd
f413f4e7-e2c5-4420-8837-ea00f96a56b3,3bac8ee9-3433-67d8-d215-1ad7f180ebfd
90401ee8-41d0-f45b-4457-03c9533e64f8,7d9fdf91-83b0-42e8-f766-1bb40f085141
202deb84-4358-377c-ea6d-217b199f5c77,7d9fdf91-83b0-42e8-f766-1bb40f085141
c5321ef4-b3b1-ca01-ef83-786fb94d098b,7d9fdf91-83b0-42e8-f766-1bb40f085141
162fe4e2-0fc8-0e2e-8773-7b0365b93cd7,7d9fdf91-83b0-42e8-f766-1bb40f085141
6c7821cf-f4c2-238b-9f38-8dfd2afff8a0,7d9fdf91-83b0-42e8-f766-1bb40f085141
272aa639-1391-af11-9bfa-ca88fdfd48cc,7d9fdf91-83b0-42e8-f766-1bb40f085141
9c3d9186-c648-3cbf-0416-cd9d805d2752,7d9fdf91-83b0-42e8-f766-1bb40f085141
a60328f2-4839-83d6-114a-e08697f4a55f,7d9fdf91-83b0-42e8-f766-1bb40f085141
c0c26d78-9d4f-338e-414a-f014ebae3fec,7d9fdf91-83b0-42e8-f766-1bb40f085141
a7eb27bb-a5b5-bee9-5321-fd2a8310e2e9,7d9fdf91-83b0-42e8-f766-1bb40f085141
1eb42186-0dc0-2170-32b1-09dd3d8e3039,f7754a56-19c9-017d-99b3-20d38f29ec58
e6809ad3-5dc9-625c-61c4-5ed6b07425d4,f7754a56-19c9-017d-99b3-20d38f29ec58
84a996fa-c477-4245-f9bf-5f83ebff5b7b,f7754a56-19c9-017d-99b3-20d38f29ec58
68318049-cf9a-a64f-f47f-74e70aac3177,f7754a56-19c9-017d-99b3-20d38f29ec58
2c53028c-8ac0-b21a-b79f-86fdebeee6c0,f7754a56-19c9-017d-99b3-20d38f29ec58
ed5a933a-7675-0ebc-a1f4-8b1089c1727f,f7754a56-19c9-017d-99b3-20d38f29ec58
e9a111cc-b894-f311-3aa9-c30eac76359d,f7754a56-19c9-017d-99b3-20d38f29ec58
01d4f54b-6fcd-b941-3a2b-c8bd8d85a6e2,f7754a56-19c9-017d-99b3-20d38f29ec58
e05bcf98-e121-99f3-0929-e8c3e95a44e1,f7754a56-19c9-017d-99b3-20d38f29ec58
7bc3be0a-0aa5-4839-c84a-f729ec1cf78d,f7754a56-19c9-017d-99b3-20d38f29ec58
ffa60237-16e3-fccf-5015-5f4d41d8501a,88ed5180-6fd4-0f61-7389-21d863aac497
05b30d18-f4b8-0cdc-be22-619e8c8ac945,88ed5180-6fd4-0f61-7389-21d863aac497
4243f8fd-87cb-e6ab-2e04-6b8beca5022d,88ed5180-6fd4-0f61-7389-21d863aac497
c6d67454-a3b9-84da-8f42-6c32caeeb22b,88ed5180-6fd4-0f61-7389-21d863aac497
d2817057-84e0-02e7-6f6a-72dbbe45f56d,88ed5180-6fd4-0f61-7389-21d863aac497
965187a5-e8bc-1ae4-c0b4-81be34b92053,88ed5180-6fd4-0f61-7389-21d863aac497
956ed5e3-997c-b43b-9c15-91a4085fa8fb,88ed5180-6fd4-0f61-7389-21d863aac497
c77ba4a6-815d-25e5-7327-e6e361e73500,88ed5180-6fd4-0f61-7389-21d863aac497
f2ee28d7-a41e-a4e3-dd46-f62541bf27da,88ed5180-6fd4-0f61-7389-21d863aac497
19a82a33-c731-c8f0-0ae2-fd78b7b57511,88ed5180-6fd4-0f61-7389-21d863aac497
6d43ba65-fa37-55a8-95b4-02ed942f2acf,1f12f4fd-94b5-4dee-e8a8-2203eea60432
a89311ab-8d6f-75d9-eefb-31488f8cdf23,1f12f4fd-94b5-4dee-e8a8-2203eea60432
8eb60066-fdb7-d722-040c-4cbc2686cb4b,1f12f4fd-94b5-4dee-e8a8-2203eea60432
be584f66-0a22-c4cd-eddb-59e59d250a3e,1f12f4fd-94b5-4dee-e8a8-2203eea60432
b3e17372-7db6-0f74-1520-7e1b981cc094,1f12f4fd-94b5-4dee-e8a8-2203eea60432
ceca25c0-1c15-e05b-7044-87ff01ec81c0,1f12f4fd-94b5-4dee-e8a8-2203eea60432
062191bc-b43a-9c20-920c-938ad9dc32b3,1f12f4fd-94b5-4dee-e8a8-2203eea60432
41bc3b37-4f9c-4d9e-f644-b6a622cd3d05,1f12f4fd-94b5-4dee-e8a8-2203eea60432
d1c9e07b-c8d8-29ac-f696-cdea912ed17e,1f12f4fd-94b5-4dee-e8a8-2203eea60432
df612632-58dc-6ce6-0bbe-fedaad57781d,1f12f4fd-94b5-4dee-e8a8-2203eea60432
0ada7d2a-7cce-54bd-036a-2beecf801573,18485e45-08a0-f4ed-2c3a-2204acf5a5c0
0673e352-e706-9ed3-4aa3-3087b19a60e1,18485e45-08a0-f4ed-2c3a-2204acf5a5c0
447a8a14-9d80-4f0a-ab75-371a06e17162,18485e45-08a0-f4ed-2c3a-2204acf5a5c0
bc6c8924-f29e-fe3e-a596-4a3d91629c9f,18485e45-08a0-f4ed-2c3a-2204acf5a5c0
36efd666-6de9-7741-c02c-93a7e6586014,18485e45-08a0-f4ed-2c3a-2204acf5a5c0
f57b8995-ae09-7926-af56-c540b301de58,18485e45-08a0-f4ed-2c3a-2204acf5a5c0
96b29fc4-405f-24ae-7fea-f081d0fbdfda,18485e45-08a0-f4ed-2c3a-2204acf5a5c0
576ce4f7-c893-ca9d-b49e-f1b02da01d5d,18485e45-08a0-f4ed-2c3a-2204acf5a5c0
9302da5f-35ef-27a2-39b9-f3ed030c077a,18485e45-08a0-f4ed-2c3a-2204acf5a5c0
0118f293-90d4-a232-cddb-f6d1d597a6c3,18485e45-08a0-f4ed-2c3a-2204acf5a5c0
1e690eeb-9415-2453-ef05-70a857cc82b5,71d650e8-0b32-b6af-55ce-243781421a79
c7bac7c2-8eb1-bb77-bbed-7e90ee2ba069,71d650e8-0b32-b6af-55ce-243781421a79
87e5e66d-4ed8-2025-040d-8445bd12b33e,71d650e8-0b32-b6af-55ce-243781421a79
fd0ff782-92f7-6812-7185-88759441b12f,71d650e8-0b32-b6af-55ce-243781421a79
e88212ed-0252-b366-35f7-9997b26f805b,71d650e8-0b32-b6af-55ce-243781421a79
6d351910-7a3e-ddfc-4905-b535a65e4985,71d650e8-0b32-b6af-55ce-243781421a79
fddbb3d3-12bf-b131-a11c-b61d49dc6040,71d650e8-0b32-b6af-55ce-243781421a79
38f9eea9-96d0-b27d-9ff7-bb544abe7ce9,71d650e8-0b32-b6af-55ce-243781421a79
e12b7b22-bc43-2d73-9685-cf1c7b194f7f,71d650e8-0b32-b6af-55ce-243781421a79
942b39ef-b403-4c34-d578-cf84746a33b7,71d650e8-0b32-b6af-55ce-243781421a79
05ae810e-c02c-5c7e-4e99-024d483747b3,d6ab4891-eaad-f38f-23fd-248b93de3408
6de9e12c-7b6b-4df3-d161-2b336814449d,d6ab4891-eaad-f38f-23fd-248b93de3408
207417f1-a3ee-96eb-6aae-6e37bee7d053,d6ab4891-eaad-f38f-23fd-248b93de3408
8a394536-44c8-2215-ddc0-87c46304bf55,d6ab4891-eaad-f38f-23fd-248b93de3408
eb8198dc-2b80-59be-e0d0-9e530b66cf1c,d6ab4891-eaad-f38f-23fd-248b93de3408
0fb528b0-1538-d711-ed64-a86e32b553c8,d6ab4891-eaad-f38f-23fd-248b93de3408
d4164574-a110-bf65-901e-aea8f3f5bff9,d6ab4891-eaad-f38f-23fd-248b93de3408
38c2df31-8155-4188-53e6-af7cd4280f95,d6ab4891-eaad-f38f-23fd-248b93de3408
7d279aaf-a4f1-5f37-dd2c-c507dd6678dc,d6ab4891-eaad-f38f-23fd-248b93de3408
e2fc2a5b-ea3f-fca6-1ec6-e1192c562dbc,d6ab4891-eaad-f38f-23fd-248b93de3408
ee23f368-34ff-9330-d0d5-037a7c11b0b4,9a6afd59-9688-6b95-a632-24d0843fef12
d12d29c3-5060-8748-a80a-19a0188606e3,9a6afd59-9688-6b95-a632-24d0843fef12
e0ef356d-5a32-3a45-ccc5-4aa581f68bb0,9a6afd59-9688-6b95-a632-24d0843fef12
fe026231-a642-36d6-da19-8a7c57243bbc,9a6afd59-9688-6b95-a632-24d0843fef12
b90357bd-c13e-052f-ed86-8ad28325a9b7,9a6afd59-9688-6b95-a632-24d0843fef12
2e1f1974-c2a4-d3d9-c7db-8b3d6ac70f6e,9a6afd59-9688-6b95-a632-24d0843fef12
9d57fc38-c478-db1c-93e5-946dd80056ff,9a6afd59-9688-6b95-a632-24d0843fef12
df2aed94-af2c-c1b3-a4a1-970fd17ddfbe,9a6afd59-9688-6b95-a632-24d0843fef12
6b8a9034-0c3e-3406-48d9-aaa7c7e86916,9a6afd59-9688-6b95-a632-24d0843fef12
67d67fec-f33c-49e5-508a-e0f18f858768,9a6afd59-9688-6b95-a632-24d0843fef12
6cf04536-41eb-b1e5-54cf-1b7bfe7a96a9,2a13acef-3763-6d5b-8286-2515fc821ead
96853711-de73-551b-fb64-28a6e7a28207,2a13acef-3763-6d5b-8286-2515fc821ead
d4b155b5-ab24-3286-4299-406d52fb402b,2a13acef-3763-6d5b-8286-2515fc821ead
4a517710-bdcf-5003-b62f-6b809f546438,2a13acef-3763-6d5b-8286-2515fc821ead
aaddfb45-eeb1-0f92-c95d-7b25ec07b5e6,2a13acef-3763-6d5b-8286-2515fc821ead
528b694d-e70e-970a-9383-a353f744b114,2a13acef-3763-6d5b-8286-2515fc821ead
d5179381-81ec-2883-833a-c70555f4127b,2a13acef-3763-6d5b-8286-2515fc821ead
9af08e44-36d1-b843-b689-d52fe9eca3e0,2a13acef-3763-6d5b-8286-2515fc821ead
161595a8-f832-615d-0b04-ec0d2860ba61,2a13acef-3763-6d5b-8286-2515fc821ead
b54c4668-2f5f-be73-7adf-f151e7544725,2a13acef-3763-6d5b-8286-2515fc821ead
70f2416b-0451-a90d-0a7e-2a931bf284c6,bd3e2eac-9ba2-ef92-f67c-26560038173c
6a8f6f31-0f44-84b8-a4ae-2fe4b0230aac,bd3e2eac-9ba2-ef92-f67c-26560038173c
c65773e0-4208-e871-46ef-34bf19b0cde2,bd3e2eac-9ba2-ef92-f67c-26560038173c
3e4c0335-caa0-2be5-fa11-3ba1e748fca2,bd3e2eac-9ba2-ef92-f67c-26560038173c
0f35e8be-e787-87ea-d116-89c6444b4846,bd3e2eac-9ba2-ef92-f67c-26560038173c
77e97a57-d422-b89b-f417-8abfcf81bf79,bd3e2eac-9ba2-ef92-f67c-26560038173c
438b344c-b826-4d4f-d004-a85d3e2d40c3,bd3e2eac-9ba2-ef92-f67c-26560038173c
7a05721d-4cbf-003d-cbe0-cc7447d1154b,bd3e2eac-9ba2-ef92-f67c-26560038173c
d0c67a7e-3cf6-f073-40f9-e214b086b606,bd3e2eac-9ba2-ef92-f67c-26560038173c
321f1d90-737d-b1b5-8f4e-f7d321551900,bd3e2eac-9ba2-ef92-f67c-26560038173c
692ada97-a8dd-bb06-936e-272200c072c3,7dad6d0b-b8f5-1521-dfff-2ab520586732
d8f7eae6-c8dd-0691-44b4-2ea3167350a2,7dad6d0b-b8f5-1521-dfff-2ab520586732
eb26e883-ac86-8973-70c2-3f69658f418a,7dad6d0b-b8f5-1521-dfff-2ab520586732
b84095c9-6381-1227-1ed9-472ee3264eda,7dad6d0b-b8f5-1521-dfff-2ab520586732
b086d474-3454-21dc-bef0-8fdf1bd9b0bd,7dad6d0b-b8f5-1521-dfff-2ab520586732
96dc2cf1-bed8-db15-d40e-976705d74d12,7dad6d0b-b8f5-1521-dfff-2ab520586732
fc99563e-2f8b-98da-2f5a-bcb47738c517,7dad6d0b-b8f5-1521-dfff-2ab520586732
0f8371db-7fe0-6506-85e8-bfa52201e99d,7dad6d0b-b8f5-1521-dfff-2ab520586732
08ebd274-7f86-c309-0778-c15441533202,7dad6d0b-b8f5-1521-dfff-2ab520586732
454fe117-36fd-19dc-b556-fe647800daf2,7dad6d0b-b8f5-1521-dfff-2ab520586732
f3cf643d-8703-7094-f289-08bdf18f1435,5323cce9-c45d-f271-03b1-2add90303eee
dae27b60-216c-bb03-9426-0bc596d256c0,5323cce9-c45d-f271-03b1-2add90303eee
92138eb7-cc25-a22c-1a5d-1745cd9d424e,5323cce9-c45d-f271-03b1-2add90303eee
d75f6d8e-d6d7-3358-bece-1a84194d75f1,5323cce9-c45d-f271-03b1-2add90303eee
fb9cd3be-9aea-77a3-e031-24b685e2af9c,5323cce9-c45d-f271-03b1-2add90303eee
d5925a3a-1e17-c415-3806-2cbe61d0d1bb,5323cce9-c45d-f271-03b1-2add90303eee
17c1af2d-538e-17fe-233d-316152104945,5323cce9-c45d-f271-03b1-2add90303eee
f5486434-21f5-1876-a65b-87b85d083930,5323cce9-c45d-f271-03b1-2add90303eee
1b3c53b4-e506-f5b5-e470-9ecd42fff324,5323cce9-c45d-f271-03b1-2add90303eee
c9138896-b778-ceae-ba3f-b50f6063a6fe,5323cce9-c45d-f271-03b1-2add90303eee
999014dd-1f72-4e0a-bb4a-2a935c53cb06,6d9809e8-ea3f-5370-61f3-2d9d9dfef17a
9e148256-1175-d0ed-ece8-2c3e57e2d1b3,6d9809e8-ea3f-5370-61f3-2d9d9dfef17a
0fc1dae1-e377-503f-9a94-2f637f72170d,6d9809e8-ea3f-5370-61f3-2d9d9dfef17a
e1428def-fe33-9877-d115-33299e1f4d61,6d9809e8-ea3f-5370-61f3-2d9d9dfef17a
ecaf0ff0-944e-7073-7b0e-4d6fc9430f8e,6d9809e8-ea3f-5370-61f3-2d9d9dfef17a
f6eff733-6e49-51a7-db15-8a966c0b711d,6d9809e8-ea3f-5370-61f3-2d9d9dfef17a
5716d40d-214c-13f1-c30a-9178dffde1a6,6d9809e8-ea3f-5370-61f3-2d9d9dfef17a
94329747-d6ef-96e5-655a-9d3595ecf42c,6d9809e8-ea3f-5370-61f3-2d9d9dfef17a
8c81440f-e97c-c3f1-0745-ba0b4f956271,6d9809e8-ea3f-5370-61f3-2d9d9dfef17a
b2bb5d95-931e-badf-6c1e-e32885d9a489,6d9809e8-ea3f-5370-61f3-2d9d9dfef17a
305833e3-afdb-cb7d-8c80-1ace5daf83c1,93df443d-346f-cd38-9dde-2df19f9d1447
9efd29a3-bc6c-7cfb-eae5-326dc3c31dc3,93df443d-346f-cd38-9dde-2df19f9d1447
afbf2dc9-5f6a-5618-c568-33a503a5cf47,93df443d-346f-cd38-9dde-2df19f9d1447
6b192284-8242-5943-7590-416d295d7de2,93df443d-346f-cd38-9dde-2df19f9d1447
6deb0ecf-1f18-e198-1a19-507bb09ac25f,93df443d-346f-cd38-9dde-2df19f9d1447
1f44cb3e-67bf-b1ed-51dd-6a012df284ed,93df443d-346f-cd38-9dde-2df19f9d1447
8fd84908-6205-6b36-4846-a07bb22f2b08,93df443d-346f-cd38-9dde-2df19f9d1447
5837cdba-1219-dd2d-7b50-c3adaf14e532,93df443d-346f-cd38-9dde-2df19f9d1447
cc9a02af-c09a-1df4-39e6-d899e1c2c1e5,93df443d-346f-cd38-9dde-2df19f9d1447
78e7c873-223d-e674-ad2b-e5974db4af0d,93df443d-346f-cd38-9dde-2df19f9d1447
19bc70ad-d2a8-774a-8afa-015c5178a06e,85a6f6bf-ab69-f629-ab8e-2e3e6d94c2c1
7d2c77bc-ef85-010f-fff8-2de64a5667d7,85a6f6bf-ab69-f629-ab8e-2e3e6d94c2c1
eda7ecb4-0c19-5dbc-cd2a-6677439a3a02,85a6f6bf-ab69-f629-ab8e-2e3e6d94c2c1
8db4718a-e792-dcc2-ca65-8f5b98c4c33c,85a6f6bf-ab69-f629-ab8e-2e3e6d94c2c1
20c49869-0c8d-de63-9104-9e7ed81cf6f0,85a6f6bf-ab69-f629-ab8e-2e3e6d94c2c1
0c88a242-da15-c446-e897-a538565202c2,85a6f6bf-ab69-f629-ab8e-2e3e6d94c2c1
c4834aa5-017a-f680-9f4e-b83695e8ceb9,85a6f6bf-ab69-f629-ab8e-2e3e6d94c2c1
a4e7aa72-2a59-09de-3389-bfb096e35d30,85a6f6bf-ab69-f629-ab8e-2e3e6d94c2c1
cd78264d-f779-e55d-a120-ca5613d8d11f,85a6f6bf-ab69-f629-ab8e-2e3e6d94c2c1
086346ff-f23e-c33b-24d8-e40e16b6657e,85a6f6bf-ab69-f629-ab8e-2e3e6d94c2c1
46115053-6176-210d-9d7f-068171b2ad56,89f6d439-5f70-52b0-e401-2eecfbbb52ab
949dc5b9-c20c-4708-5e7c-0aa76e64980d,89f6d439-5f70-52b0-e401-2eecfbbb52ab
5a36ba6a-e142-ac28-af0c-54c0e4907b98,89f6d439-5f70-52b0-e401-2eecfbbb52ab
03da99dc-3d60-06ae-2852-a599f66125c6,89f6d439-5f70-52b0-e401-2eecfbbb52ab
a9b38ebf-6ee3-62f8-1d91-cf5700a57957,89f6d439-5f70-52b0-e401-2eecfbbb52ab
ecdef0ba-28f0-467b-ad49-d8376152c4a9,89f6d439-5f70-52b0-e401-2eecfbbb52ab
44269a9a-f56b-1a09-6c10-d9eec7badd8a,89f6d439-5f70-52b0-e401-2eecfbbb52ab
abf0ec9e-2d85-314a-b4fb-dadba780b72b,89f6d439-5f70-52b0-e401-2eecfbbb52ab
be3dbbc5-4525-2d1f-8219-e2d38ba0bbcd,89f6d439-5f70-52b0-e401-2eecfbbb52ab
28914378-4fef-4d9c-67a2-e4ed895f0672,89f6d439-5f70-52b0-e401-2eecfbbb52ab
64e69d9c-af6b-9541-8d78-0909900d739c,2cb0dfb5-8090-5752-6920-3130854d171c
1c4b03e0-0921-076a-5282-09d06cb1ed9f,2cb0dfb5-8090-5752-6920-3130854d171c
c1d801a8-7d88-5c2a-34a3-2da5907065fc,2cb0dfb5-8090-5752-6920-3130854d171c
695baa42-626b-1267-c66d-39189176b65a,2cb0dfb5-8090-5752-6920-3130854d171c
b58617c2-c4c1-55f5-b462-603ceeb53146,2cb0dfb5-8090-5752-6920-3130854d171c
17a43da5-6238-074d-262b-63e6cfb667e2,2cb0dfb5-8090-5752-6920-3130854d171c
5b0f34da-52d4-56bb-36b1-6f1b66eea108,2cb0dfb5-8090-5752-6920-3130854d171c
bfc1a3b1-d9ba-d044-e11e-a29cc137cdf9,2cb0dfb5-8090-5752-6920-3130854d171c
93bf6764-9f84-471c-6edb-a3e2b7667396,2cb0dfb5-8090-5752-6920-3130854d171c
e5aa585f-5eea-64fb-9dd4-eed4e35f6e02,2cb0dfb5-8090-5752-6920-3130854d171c
a0564d28-9a30-e248-f6b7-293245c17cdb,c7fc9d90-8192-bbd4-add7-329909237679
52697baa-9671-d7ed-cd80-31f5273dd5a4,c7fc9d90-8192-bbd4-add7-329909237679
fa5580ba-5161-79b8-bea7-56d3ec2a6fe5,c7fc9d90-8192-bbd4-add7-329909237679
ff3295f8-8086-59b1-5e9d-615c83e992ff,c7fc9d90-8192-bbd4-add7-329909237679
6c54c99e-433e-d738-4cc4-7846ffaf0038,c7fc9d90-8192-bbd4-add7-329909237679
06bde5ad-a117-689a-e373-87a4b022fa9d,c7fc9d90-8192-bbd4-add7-329909237679
d5a3056e-c748-9388-bb3e-92a6e5cae697,c7fc9d90-8192-bbd4-add7-329909237679
97fbb45d-6104-cd19-4438-d4d7fdc54cc6,c7fc9d90-8192-bbd4-add7-329909237679
24cd206f-13c3-9d8d-3602-dfa18f2e3d98,c7fc9d90-8192-bbd4-add7-329909237679
956095ed-f9f7-ac30-d498-e43d547fe066,c7fc9d90-8192-bbd4-add7-329909237679
54478260-94df-9302-f1cb-2458618ec2b9,921b472d-d364-bf95-bed7-33fb6f712bf8
bbfdaf16-8a7d-2a70-5872-26ce071c71c7,921b472d-d364-bf95-bed7-33fb6f712bf8
26236eb0-6e4b-a84c-31c8-3063e8f1f354,921b472d-d364-bf95-bed7-33fb6f712bf8
00fb0e28-21ca-653e-a127-334f24c9672b,921b472d-d364-bf95-bed7-33fb6f712bf8
b32067e7-1303-f179-9316-6d7c1897b91a,921b472d-d364-bf95-bed7-33fb6f712bf8
28bcea27-8e92-6c14-56f6-95dc4cfbe28e,921b472d-d364-bf95-bed7-33fb6f712bf8
7da206c5-d23c-95ef-9fb4-aa9d990ba89e,921b472d-d364-bf95-bed7-33fb6f712bf8
6bbcd98d-cfa4-1ee6-fac1-ceafe60e0f4b,921b472d-d364-bf95-bed7-33fb6f712bf8
a1556818-a46b-3df4-c2cd-e919a668243b,921b472d-d364-bf95-bed7-33fb6f712bf8
d69b04f3-ba12-3b11-3123-ed97909e28e3,921b472d-d364-bf95-bed7-33fb6f712bf8
381a4ce2-2af7-73bc-0ec7-03050aea88d2,8dd7944d-014b-45d4-2689-3731bb781d8d
e92a284a-9700-e8c4-6531-0d05de71bb63,8dd7944d-014b-45d4-2689-3731bb781d8d
0bc7654c-c263-85e7-2b8c-3baef66d48b9,8dd7944d-014b-45d4-2689-3731bb781d8d
ab1ed743-6172-ce67-63c5-57ec3d3afe62,8dd7944d-014b-45d4-2689-3731bb781d8d
db05d7da-0100-0446-2479-5968f0c3f41e,8dd7944d-014b-45d4-2689-3731bb781d8d
377849a7-d794-a4e8-ef02-5e2c5ebce32b,8dd7944d-014b-45d4-2689-3731bb781d8d
30728565-2b19-7e0e-5d28-9aed11a4c11d,8dd7944d-014b-45d4-2689-3731bb781d8d
37375c20-bd6a-9bf4-56f9-cf0935743ddc,8dd7944d-014b-45d4-2689-3731bb781d8d
04d0a8f3-a7f6-0cd6-3f9f-d74deab2c4b7,8dd7944d-014b-45d4-2689-3731bb781d8d
01f14323-382f-0f00-3dcd-e84f8f80f792,8dd7944d-014b-45d4-2689-3731bb781d8d
57e5c95a-ed75-584e-9f9f-0a98c1bc1abb,cb8c558b-5b24-e00c-4e72-386aa0b94fa2
c9fc50a8-2544-502b-256e-273e777bf7fe,cb8c558b-5b24-e00c-4e72-386aa0b94fa2
07b84dc8-7d56-6ca4-9637-2864ee610ab1,cb8c558b-5b24-e00c-4e72-386aa0b94fa2
075d09ab-49cd-8be8-b550-402ee3834518,cb8c558b-5b24-e00c-4e72-386aa0b94fa2
dbbb4356-a179-f9d9-ddc0-68f0af22ac25,cb8c558b-5b24-e00c-4e72-386aa0b94fa2
7854fcf3-a11a-eaba-5d0f-89139fa7b792,cb8c558b-5b24-e00c-4e72-386aa0b94fa2
49359536-d259-b6c8-885a-99bb702e186c,cb8c558b-5b24-e00c-4e72-386aa0b94fa2
76c78d87-8176-b8b2-910a-b5e1cb428531,cb8c558b-5b24-e00c-4e72-386aa0b94fa2
8024fcde-a1de-f12f-1d22-c5a98f0a8e1e,cb8c558b-5b24-e00c-4e72-386aa0b94fa2
692282b5-0884-f735-4eef-c9a98d499acf,cb8c558b-5b24-e00c-4e72-386aa0b94fa2
35942c16-1743-7d24-eec8-1f8ef0ad51c8,24f783b7-e655-963f-4f58-395bf2cfa216
54478260-94df-9302-f1cb-2458618ec2b9,24f783b7-e655-963f-4f58-395bf2cfa216
6621e06a-cca3-59c4-13ab-5ef6cd242316,24f783b7-e655-963f-4f58-395bf2cfa216
b32067e7-1303-f179-9316-6d7c1897b91a,24f783b7-e655-963f-4f58-395bf2cfa216
2ea0a899-c9ab-79b7-7bb5-8df84471aa19,24f783b7-e655-963f-4f58-395bf2cfa216
cfb78d13-2540-404a-e385-91d3c84abab9,24f783b7-e655-963f-4f58-395bf2cfa216
7da206c5-d23c-95ef-9fb4-aa9d990ba89e,24f783b7-e655-963f-4f58-395bf2cfa216
371f8606-b39c-a41e-423c-b463a035ff27,24f783b7-e655-963f-4f58-395bf2cfa216
6bbcd98d-cfa4-1ee6-fac1-ceafe60e0f4b,24f783b7-e655-963f-4f58-395bf2cfa216
d69b04f3-ba12-3b11-3123-ed97909e28e3,24f783b7-e655-963f-4f58-395bf2cfa216
95ede8fd-bf5e-49b1-2520-1324974ede2a,8a86bd67-e3af-2755-4afa-3a183c7eea8c
6a56c0d0-dcd3-bb4e-6005-203ba7540905,8a86bd67-e3af-2755-4afa-3a183c7eea8c
820bec08-4015-969c-f75f-22b1ba28afea,8a86bd67-e3af-2755-4afa-3a183c7eea8c
9c744116-0a64-c2ee-15b7-6c6209ebe969,8a86bd67-e3af-2755-4afa-3a183c7eea8c
fadadddc-3e48-0f39-04a9-94e9c4c1403d,8a86bd67-e3af-2755-4afa-3a183c7eea8c
aa34d49b-9221-dcd7-42f1-964b2b0335ad,8a86bd67-e3af-2755-4afa-3a183c7eea8c
b539b0a5-9920-98a6-35ab-b69b8cd53db1,8a86bd67-e3af-2755-4afa-3a183c7eea8c
0bc76332-fa99-d2ce-feb1-cc21f9d7e24a,8a86bd67-e3af-2755-4afa-3a183c7eea8c
a340ce0f-ced7-960c-3f56-d6f9201dd0dd,8a86bd67-e3af-2755-4afa-3a183c7eea8c
72ebdc78-4001-8be0-2fdf-f44b172fd48c,8a86bd67-e3af-2755-4afa-3a183c7eea8c
de7f4c98-53c7-bf22-411d-3052a94ef581,46ec8ee7-2a77-a790-302a-3b1b2336f3ce
4b45a0d6-32a9-5a69-9649-3c838386f5c0,46ec8ee7-2a77-a790-302a-3b1b2336f3ce
6424fe51-8e88-da45-4ce7-632da57ab24d,46ec8ee7-2a77-a790-302a-3b1b2336f3ce
95838d71-971f-1757-5922-71d88f022a62,46ec8ee7-2a77-a790-302a-3b1b2336f3ce
9ada48b4-8c27-2a3d-8d4f-801af02c0427,46ec8ee7-2a77-a790-302a-3b1b2336f3ce
1fbade5d-22c9-56d3-cfa3-847034ae12dd,46ec8ee7-2a77-a790-302a-3b1b2336f3ce
7dc1cbee-9f9b-80cb-97fc-98a513e67f98,46ec8ee7-2a77-a790-302a-3b1b2336f3ce
174ef316-77ad-9322-fd4f-c05ce138144c,46ec8ee7-2a77-a790-302a-3b1b2336f3ce
ac8d7dc8-df21-2e6e-afa6-c9fe18e3969c,46ec8ee7-2a77-a790-302a-3b1b2336f3ce
4a371615-a05c-ffa2-6e90-ee464cb5286d,46ec8ee7-2a77-a790-302a-3b1b2336f3ce
4f1ffba4-4358-bfd1-1d8c-024ce33bd941,a243d945-ec5e-d111-b2e5-3b7ea85195a2
b54082e8-f561-545c-d6d3-30baa78f8e56,a243d945-ec5e-d111-b2e5-3b7ea85195a2
c766932c-08c9-7c30-8485-3564a23aa411,a243d945-ec5e-d111-b2e5-3b7ea85195a2
870eb9cb-b69c-d7fb-1f12-46464f811e12,a243d945-ec5e-d111-b2e5-3b7ea85195a2
e0df9b0a-0402-7744-149b-5a36396c6b2c,a243d945-ec5e-d111-b2e5-3b7ea85195a2
b67a3568-177b-6170-c7f7-68a368126b22,a243d945-ec5e-d111-b2e5-3b7ea85195a2
61a87bc6-5ca4-8500-fbb3-7018004d3089,a243d945-ec5e-d111-b2e5-3b7ea85195a2
2992a7fe-1b87-1418-7451-72e42b1f9b88,a243d945-ec5e-d111-b2e5-3b7ea85195a2
c81cce60-f1ab-b194-3ce0-bd7fce7c2197,a243d945-ec5e-d111-b2e5-3b7ea85195a2
286dcab9-e693-98dd-372c-ca1af0e210c5,a243d945-ec5e-d111-b2e5-3b7ea85195a2
b70ad7f4-0302-1abf-1b33-05a7597a7981,7caf58f9-9793-d0c9-c22e-3c262d4b7e3c
2c48e48f-8574-6f4a-cc8d-0a9eaa6f2dbd,7caf58f9-9793-d0c9-c22e-3c262d4b7e3c
1815ded6-a57e-ac56-9b56-17f7f44ce7b6,7caf58f9-9793-d0c9-c22e-3c262d4b7e3c
34c413b7-2dde-1f2d-eb0a-55068f4cff60,7caf58f9-9793-d0c9-c22e-3c262d4b7e3c
32f8fd99-c708-f8b1-86ed-5579241a91b7,7caf58f9-9793-d0c9-c22e-3c262d4b7e3c
ce9410d0-ba9e-c2a5-b6ee-71f9b6da8b42,7caf58f9-9793-d0c9-c22e-3c262d4b7e3c
dbf205a4-08c3-bf1c-7639-83f64cc824ac,7caf58f9-9793-d0c9-c22e-3c262d4b7e3c
74bd869b-b69b-da30-5a45-9198c486118d,7caf58f9-9793-d0c9-c22e-3c262d4b7e3c
9df67522-2f15-edfa-c131-acb288ac5523,7caf58f9-9793-d0c9-c22e-3c262d4b7e3c
2816039f-2380-b711-cdc3-ef23f34ca8e9,7caf58f9-9793-d0c9-c22e-3c262d4b7e3c
ad57415e-b353-9eb3-c248-1d0b9b9b80fa,299e084f-21ee-ddd8-855d-3e24604d0db2
b5954c0c-3dbf-5633-65be-2a1a6ec793c1,299e084f-21ee-ddd8-855d-3e24604d0db2
1d501ba4-9556-fd90-cbdd-5a244cd75f22,299e084f-21ee-ddd8-855d-3e24604d0db2
db2d4c61-ad73-be89-ab8e-79ff3c9dfa84,299e084f-21ee-ddd8-855d-3e24604d0db2
9f2e3c65-731a-161d-d07e-7b5d69fbb668,299e084f-21ee-ddd8-855d-3e24604d0db2
f95476d2-0396-f7ed-78e6-a176c1f330c6,299e084f-21ee-ddd8-855d-3e24604d0db2
00cf32f7-b036-0a35-f885-e2a889aac96b,299e084f-21ee-ddd8-855d-3e24604d0db2
6a183235-31db-2a74-356c-e37b32144327,299e084f-21ee-ddd8-855d-3e24604d0db2
4a9663d3-e577-cb75-5e98-e97cd50d5ac6,299e084f-21ee-ddd8-855d-3e24604d0db2
14bc8aa7-a646-7dea-7b4e-f79c5bb7dbd6,299e084f-21ee-ddd8-855d-3e24604d0db2
151f4786-3ad6-1b81-78c2-2c7c4e3417cf,154dda85-8870-c18e-bcd5-3ed5df969b9a
ba0782f2-ba33-0e45-dd3f-39c821d9df31,154dda85-8870-c18e-bcd5-3ed5df969b9a
63c30fd2-2586-259b-1db0-3b0e743df01f,154dda85-8870-c18e-bcd5-3ed5df969b9a
40861e9b-08ac-700d-00a4-50baf490aad5,154dda85-8870-c18e-bcd5-3ed5df969b9a
385f924c-2bef-5456-685e-64c6338d6cff,154dda85-8870-c18e-bcd5-3ed5df969b9a
a29bda35-3534-f9b0-00d1-6ec80daf3d18,154dda85-8870-c18e-bcd5-3ed5df969b9a
1fcdcf4f-26ed-6612-a6b1-9f157a667d79,154dda85-8870-c18e-bcd5-3ed5df969b9a
0a640377-f8e0-1172-c280-a22d60fd583e,154dda85-8870-c18e-bcd5-3ed5df969b9a
64ff77c7-850b-90cf-15f1-cc3cf812c8c7,154dda85-8870-c18e-bcd5-3ed5df969b9a
96e59695-ea01-b367-177d-d27038bf1fbf,154dda85-8870-c18e-bcd5-3ed5df969b9a
4524f9c3-fbf1-84d4-b6fb-03cd67588a63,b334b753-5ae7-5c9a-b94f-3f430986b850
95648313-73a5-9860-93c6-0f2e04a8b349,b334b753-5ae7-5c9a-b94f-3f430986b850
bda4b9ab-cca8-a680-9760-110bea7999ff,b334b753-5ae7-5c9a-b94f-3f430986b850
cbd8ac42-c0e8-d538-7c5e-1d4d2367eb27,b334b753-5ae7-5c9a-b94f-3f430986b850
635f055b-1521-b5fe-c08a-4fdf65cfe012,b334b753-5ae7-5c9a-b94f-3f430986b850
79583cda-9250-d558-ae2d-62f4f4997ce2,b334b753-5ae7-5c9a-b94f-3f430986b850
096dc940-d466-ef98-cebe-886dd885a37a,b334b753-5ae7-5c9a-b94f-3f430986b850
72ebddee-53b9-ed48-f1f8-a3eb6d60b16d,b334b753-5ae7-5c9a-b94f-3f430986b850
66deb530-be09-2b5e-66c6-afa01be46d51,b334b753-5ae7-5c9a-b94f-3f430986b850
54a6c0e0-f4b6-bf93-2662-c5d9d83bf0fa,b334b753-5ae7-5c9a-b94f-3f430986b850
2a928dc8-b106-981e-6ffd-1050efb3bc18,27c49e93-83c0-1d5e-534b-4020f1af3dd0
74698bb3-a7eb-62dc-7d58-270af84428c7,27c49e93-83c0-1d5e-534b-4020f1af3dd0
63373b0b-1b9f-9f37-15b1-50da284ccf6f,27c49e93-83c0-1d5e-534b-4020f1af3dd0
ef0c89a5-f894-fba8-16e8-6560551d8b9b,27c49e93-83c0-1d5e-534b-4020f1af3dd0
60fd067e-c354-be6d-4881-679347374bc2,27c49e93-83c0-1d5e-534b-4020f1af3dd0
1505568c-76c6-9087-6fb9-702453dee94a,27c49e93-83c0-1d5e-534b-4020f1af3dd0
79fb4f79-5e2c-22c7-315c-c092a97a6d07,27c49e93-83c0-1d5e-534b-4020f1af3dd0
76e66aee-95b0-d002-581c-ca7926153f0a,27c49e93-83c0-1d5e-534b-4020f1af3dd0
630386a8-bce2-0da8-9cf0-ec22ba2287df,27c49e93-83c0-1d5e-534b-4020f1af3dd0
affade49-731d-e642-c27e-f07794ced182,27c49e93-83c0-1d5e-534b-4020f1af3dd0
f6328978-3169-252e-72d2-10c02fef3a40,d8fba58d-a3fd-02ca-21b8-4129d7bd2da4
bd347156-9c64-9cfa-0001-30e8f6a42579,d8fba58d-a3fd-02ca-21b8-4129d7bd2da4
90b2fa22-2c72-ee50-4afd-35b384468e25,d8fba58d-a3fd-02ca-21b8-4129d7bd2da4
38c3040c-53f4-7445-2eaf-48d8d45db231,d8fba58d-a3fd-02ca-21b8-4129d7bd2da4
2815d46f-00f5-0095-1e1c-64f072c3db66,d8fba58d-a3fd-02ca-21b8-4129d7bd2da4
3e3452e3-7d20-098c-ecd8-ba76ef478219,d8fba58d-a3fd-02ca-21b8-4129d7bd2da4
165d00b4-0d3c-b422-8aea-c288c9593c45,d8fba58d-a3fd-02ca-21b8-4129d7bd2da4
d0a53083-7a9a-179c-a0cf-db134e721e1f,d8fba58d-a3fd-02ca-21b8-4129d7bd2da4
a26a7cef-767a-165a-4525-f715fc28bdcb,d8fba58d-a3fd-02ca-21b8-4129d7bd2da4
73690269-0efb-a304-300a-f86efa17e5de,d8fba58d-a3fd-02ca-21b8-4129d7bd2da4
5f07c933-34bd-41d0-824d-1eedb008f9a5,8582e301-09cb-414a-9c10-42218c6e5bf0
12da242a-b986-8d31-4c13-2bb5e15f18b8,8582e301-09cb-414a-9c10-42218c6e5bf0
3df2b220-766e-946a-012c-3378c34c2203,8582e301-09cb-414a-9c10-42218c6e5bf0
565d773c-fc68-6863-9a20-430b880c60b9,8582e301-09cb-414a-9c10-42218c6e5bf0
5b41de68-1766-a988-b3a2-8b123a1095ce,8582e301-09cb-414a-9c10-42218c6e5bf0
87fbefeb-a10d-c543-e76f-99fb39cf68cc,8582e301-09cb-414a-9c10-42218c6e5bf0
a2e1328b-6d35-221a-3f9c-9ebe6ae4520e,8582e301-09cb-414a-9c10-42218c6e5bf0
546d67c7-59be-71c7-fac5-a4ee3a371834,8582e301-09cb-414a-9c10-42218c6e5bf0
812ee444-1e27-345d-de6f-ab1e3102a3f7,8582e301-09cb-414a-9c10-42218c6e5bf0
754193bf-95f1-db53-5e76-fbfeae0cc3d7,8582e301-09cb-414a-9c10-42218c6e5bf0
12da242a-b986-8d31-4c13-2bb5e15f18b8,62c7b0ba-7b02-b068-4952-437a83b8a150
3df2b220-766e-946a-012c-3378c34c2203,62c7b0ba-7b02-b068-4952-437a83b8a150
eb0c857d-7b18-e13d-43ef-4c7e3210731a,62c7b0ba-7b02-b068-4952-437a83b8a150
c06d037f-3a8c-40e1-0e75-6a09b857c56e,62c7b0ba-7b02-b068-4952-437a83b8a150
02ecd174-7494-2af4-77f9-964795c6bf3f,62c7b0ba-7b02-b068-4952-437a83b8a150
87fbefeb-a10d-c543-e76f-99fb39cf68cc,62c7b0ba-7b02-b068-4952-437a83b8a150
546d67c7-59be-71c7-fac5-a4ee3a371834,62c7b0ba-7b02-b068-4952-437a83b8a150
1975beeb-cdf7-e94f-3c23-a5e21a928c0d,62c7b0ba-7b02-b068-4952-437a83b8a150
812ee444-1e27-345d-de6f-ab1e3102a3f7,62c7b0ba-7b02-b068-4952-437a83b8a150
8b94091f-cc83-b0bf-1aaf-c6f9de806686,62c7b0ba-7b02-b068-4952-437a83b8a150
1eb42186-0dc0-2170-32b1-09dd3d8e3039,1ad0ee16-c1ba-9643-aa55-471c7d11db7f
be893c02-4129-ad52-d704-420bc5d2ba5d,1ad0ee16-c1ba-9643-aa55-471c7d11db7f
3b7626da-f435-04f8-d0a8-61893ce665c7,1ad0ee16-c1ba-9643-aa55-471c7d11db7f
befec1c2-0ae9-7cc4-cbd4-6ce22613e2b4,1ad0ee16-c1ba-9643-aa55-471c7d11db7f
e22910d8-2372-0e2c-2b02-7d78e2272e2d,1ad0ee16-c1ba-9643-aa55-471c7d11db7f
6da4b2ae-1350-9551-13ad-a7470b454969,1ad0ee16-c1ba-9643-aa55-471c7d11db7f
e9a111cc-b894-f311-3aa9-c30eac76359d,1ad0ee16-c1ba-9643-aa55-471c7d11db7f
01d4f54b-6fcd-b941-3a2b-c8bd8d85a6e2,1ad0ee16-c1ba-9643-aa55-471c7d11db7f
e05bcf98-e121-99f3-0929-e8c3e95a44e1,1ad0ee16-c1ba-9643-aa55-471c7d11db7f
7bc3be0a-0aa5-4839-c84a-f729ec1cf78d,1ad0ee16-c1ba-9643-aa55-471c7d11db7f
4ff3bdf4-0fad-b597-a352-116d79d13360,9d6536da-942b-adaf-433f-48a844490fd6
ada41f8a-7037-27be-8602-2350c2208f8f,9d6536da-942b-adaf-433f-48a844490fd6
b6c50e19-7749-739a-9b14-35421e4067f5,9d6536da-942b-adaf-433f-48a844490fd6
aff042a9-1da4-3556-78aa-4d2d6f9108a0,9d6536da-942b-adaf-433f-48a844490fd6
79e34264-3278-e1e2-0a1b-66c36d5150b1,9d6536da-942b-adaf-433f-48a844490fd6
cadce55a-31da-2d8d-8b12-76f0b306d529,9d6536da-942b-adaf-433f-48a844490fd6
44ed2dd1-d6f8-9639-7cc3-802c4bc8a83d,9d6536da-942b-adaf-433f-48a844490fd6
cc3f4bb1-31e0-4eda-ffed-9068f2a251e4,9d6536da-942b-adaf-433f-48a844490fd6
d01ca622-16a8-e456-ddda-a24537e1eef2,9d6536da-942b-adaf-433f-48a844490fd6
156f2c99-87b0-69ff-e6e1-f9379483a019,9d6536da-942b-adaf-433f-48a844490fd6
ea318ff0-4a99-45c8-2435-4077fcfe0b72,515fe69e-4d37-d39a-31aa-4a2f559d0986
fa5580ba-5161-79b8-bea7-56d3ec2a6fe5,515fe69e-4d37-d39a-31aa-4a2f559d0986
8ba5e387-0e76-8cf8-ec95-5cc9b1661f4c,515fe69e-4d37-d39a-31aa-4a2f559d0986
6c54c99e-433e-d738-4cc4-7846ffaf0038,515fe69e-4d37-d39a-31aa-4a2f559d0986
d5a3056e-c748-9388-bb3e-92a6e5cae697,515fe69e-4d37-d39a-31aa-4a2f559d0986
bf4f42bc-b398-f910-9bbc-9f1b93fa95ac,515fe69e-4d37-d39a-31aa-4a2f559d0986
28e2b62b-5f0d-51a8-b9dc-a47eae899aea,515fe69e-4d37-d39a-31aa-4a2f559d0986
3baf271b-7e16-4876-6143-d2512bf0ac96,515fe69e-4d37-d39a-31aa-4a2f559d0986
24cd206f-13c3-9d8d-3602-dfa18f2e3d98,515fe69e-4d37-d39a-31aa-4a2f559d0986
956095ed-f9f7-ac30-d498-e43d547fe066,515fe69e-4d37-d39a-31aa-4a2f559d0986
477129e8-180c-56b9-880c-033248a4bce4,7f7bb67c-7f49-3012-3f59-4a97367e2a56
10e34e7b-4093-e9ee-5d3d-06b860cac38c,7f7bb67c-7f49-3012-3f59-4a97367e2a56
0cada18b-f0fa-0f67-5fd8-181920fb6c10,7f7bb67c-7f49-3012-3f59-4a97367e2a56
85d6b4b2-0c36-40b9-835b-31614e0d3da7,7f7bb67c-7f49-3012-3f59-4a97367e2a56
cfc96514-5949-331e-fc4b-3847da0b960f,7f7bb67c-7f49-3012-3f59-4a97367e2a56
771fa47d-4b2c-1a41-a8e6-4189ba2d22c3,7f7bb67c-7f49-3012-3f59-4a97367e2a56
f4af9087-271e-1727-2c63-67de9ae4f5a7,7f7bb67c-7f49-3012-3f59-4a97367e2a56
270c75bd-bda3-2ea0-b648-af91a3503290,7f7bb67c-7f49-3012-3f59-4a97367e2a56
9a8eaf27-2e1f-1336-e307-ba0f621bd473,7f7bb67c-7f49-3012-3f59-4a97367e2a56
85b3e977-7931-cb09-3502-ee58a9a8c39e,7f7bb67c-7f49-3012-3f59-4a97367e2a56
949dc5b9-c20c-4708-5e7c-0aa76e64980d,fb7e2bce-3d18-cba1-b0d9-4d86e459791d
a5d86e04-a1ce-81a8-62e9-379aaf1ac2ee,fb7e2bce-3d18-cba1-b0d9-4d86e459791d
5a36ba6a-e142-ac28-af0c-54c0e4907b98,fb7e2bce-3d18-cba1-b0d9-4d86e459791d
61463291-5722-1e0a-087d-55bebea0a491,fb7e2bce-3d18-cba1-b0d9-4d86e459791d
ef2ccaa1-4ed3-925d-2556-a1888bccf824,fb7e2bce-3d18-cba1-b0d9-4d86e459791d
64876ff5-a5af-3120-087d-a9ebe53d0f07,fb7e2bce-3d18-cba1-b0d9-4d86e459791d
d8207dfc-e728-14a5-f74c-b5b6ca234fd5,fb7e2bce-3d18-cba1-b0d9-4d86e459791d
a9b38ebf-6ee3-62f8-1d91-cf5700a57957,fb7e2bce-3d18-cba1-b0d9-4d86e459791d
ecdef0ba-28f0-467b-ad49-d8376152c4a9,fb7e2bce-3d18-cba1-b0d9-4d86e459791d
abf0ec9e-2d85-314a-b4fb-dadba780b72b,fb7e2bce-3d18-cba1-b0d9-4d86e459791d
4a99b316-be3f-29bd-b8b4-1c8902f9ac5c,dc3d266e-cf64-c68a-144a-4d9738eba5b9
a5812d68-2a2e-bd82-995a-2646cb348198,dc3d266e-cf64-c68a-144a-4d9738eba5b9
b55b0af9-2259-a896-6058-3aa767a37dc3,dc3d266e-cf64-c68a-144a-4d9738eba5b9
361f6c27-06d2-cc1d-2e79-3b6af4775ccc,dc3d266e-cf64-c68a-144a-4d9738eba5b9
3838a823-8b1b-1740-b097-5d07817a99d7,dc3d266e-cf64-c68a-144a-4d9738eba5b9
e05b8a5e-f2b3-1d47-2221-75f46df20c07,dc3d266e-cf64-c68a-144a-4d9738eba5b9
6ef27088-e8dc-4d4b-a47a-d2c26843e42b,dc3d266e-cf64-c68a-144a-4d9738eba5b9
983b6042-1f64-ee3c-3234-d34880ea1577,dc3d266e-cf64-c68a-144a-4d9738eba5b9
5311544e-db0a-c12e-4c3e-de9e6a3ac5b2,dc3d266e-cf64-c68a-144a-4d9738eba5b9
11ddc04a-6c88-8017-02e2-e0c36cb80dc4,dc3d266e-cf64-c68a-144a-4d9738eba5b9
bbb8443f-dc5f-c467-5443-0ea9afffb5d4,4173789d-eb1b-9d97-7163-4eb027ac2ea3
823e1031-339b-7859-4b0e-1306639a9246,4173789d-eb1b-9d97-7163-4eb027ac2ea3
f43b4ed6-23fb-8180-94c8-25a5f879568a,4173789d-eb1b-9d97-7163-4eb027ac2ea3
d7523256-fe3c-2d7a-5ebc-29c1df00aa84,4173789d-eb1b-9d97-7163-4eb027ac2ea3
f8650803-f802-8ace-3118-76663448bc4a,4173789d-eb1b-9d97-7163-4eb027ac2ea3
25d2f159-5bd2-0861-95a7-8ab8e39b8323,4173789d-eb1b-9d97-7163-4eb027ac2ea3
4d57270f-3f1e-2d23-4023-daba27c03a13,4173789d-eb1b-9d97-7163-4eb027ac2ea3
29c056f8-1c9b-b0cc-9715-f1ed255590f0,4173789d-eb1b-9d97-7163-4eb027ac2ea3
a4ace6dd-ee91-71a1-13e4-f3e179c39120,4173789d-eb1b-9d97-7163-4eb027ac2ea3
12f73c6b-7750-fcdc-6cd5-fbd364fd5cf7,4173789d-eb1b-9d97-7163-4eb027ac2ea3
0673e352-e706-9ed3-4aa3-3087b19a60e1,973f6fa7-3cae-1068-152e-5131a6da0581
2fcc444e-0339-64ab-c97e-35fcddd703f6,973f6fa7-3cae-1068-152e-5131a6da0581
05b6d086-8efc-d6e2-b405-364753dc90f3,973f6fa7-3cae-1068-152e-5131a6da0581
2298acd5-2fb0-08d7-8aa8-387e18c6456c,973f6fa7-3cae-1068-152e-5131a6da0581
bc6c8924-f29e-fe3e-a596-4a3d91629c9f,973f6fa7-3cae-1068-152e-5131a6da0581
36efd666-6de9-7741-c02c-93a7e6586014,973f6fa7-3cae-1068-152e-5131a6da0581
19c61d0e-3af3-41be-f1b4-ce75cbd60b34,973f6fa7-3cae-1068-152e-5131a6da0581
747195ec-d592-cc15-3483-e7559659fffa,973f6fa7-3cae-1068-152e-5131a6da0581
96b29fc4-405f-24ae-7fea-f081d0fbdfda,973f6fa7-3cae-1068-152e-5131a6da0581
0118f293-90d4-a232-cddb-f6d1d597a6c3,973f6fa7-3cae-1068-152e-5131a6da0581
46d80c45-b3b7-50ff-285f-17f3d0e8921a,bf116b3b-0929-c825-ee2b-518b086e0339
2a5707e1-f6ce-c25e-2f6f-416c002c7a85,bf116b3b-0929-c825-ee2b-518b086e0339
71d369ff-37d4-2640-0069-4fb0b7bd431f,bf116b3b-0929-c825-ee2b-518b086e0339
0f6aa52b-5190-8f8d-363c-50af4e1fabea,bf116b3b-0929-c825-ee2b-518b086e0339
a5eeb0fe-db4e-9522-00d4-50d13948811c,bf116b3b-0929-c825-ee2b-518b086e0339
1618b233-3df1-3364-016c-5888c6418845,bf116b3b-0929-c825-ee2b-518b086e0339
68931be2-7ad7-c7fa-79a8-91cd7f21239a,bf116b3b-0929-c825-ee2b-518b086e0339
0aa33e47-07e0-d632-6b97-a130663c6a1b,bf116b3b-0929-c825-ee2b-518b086e0339
e2ca8c79-c4c6-b43d-f899-e389bf4a0b91,bf116b3b-0929-c825-ee2b-518b086e0339
e6e8e1af-5eb3-d432-da22-eb30762dd031,bf116b3b-0929-c825-ee2b-518b086e0339
bbb8443f-dc5f-c467-5443-0ea9afffb5d4,a2774c1d-11d3-8d9f-a754-52d90b1cd49f
823e1031-339b-7859-4b0e-1306639a9246,a2774c1d-11d3-8d9f-a754-52d90b1cd49f
f43b4ed6-23fb-8180-94c8-25a5f879568a,a2774c1d-11d3-8d9f-a754-52d90b1cd49f
a5812d68-2a2e-bd82-995a-2646cb348198,a2774c1d-11d3-8d9f-a754-52d90b1cd49f
d7523256-fe3c-2d7a-5ebc-29c1df00aa84,a2774c1d-11d3-8d9f-a754-52d90b1cd49f
b55b0af9-2259-a896-6058-3aa767a37dc3,a2774c1d-11d3-8d9f-a754-52d90b1cd49f
361f6c27-06d2-cc1d-2e79-3b6af4775ccc,a2774c1d-11d3-8d9f-a754-52d90b1cd49f
6ef27088-e8dc-4d4b-a47a-d2c26843e42b,a2774c1d-11d3-8d9f-a754-52d90b1cd49f
5311544e-db0a-c12e-4c3e-de9e6a3ac5b2,a2774c1d-11d3-8d9f-a754-52d90b1cd49f
29c056f8-1c9b-b0cc-9715-f1ed255590f0,a2774c1d-11d3-8d9f-a754-52d90b1cd49f
ccfaef09-0ce1-a525-dcf4-168f60eacc07,15f423fe-7956-12cf-24c7-5621cf82634b
e9077abc-4a7f-55fc-2903-1ebb47240b92,15f423fe-7956-12cf-24c7-5621cf82634b
bf004158-1cce-99b4-9194-41b077d3361c,15f423fe-7956-12cf-24c7-5621cf82634b
982132e6-7fc0-c5bb-fb48-5ab0c1355359,15f423fe-7956-12cf-24c7-5621cf82634b
7aa288e8-2205-ecfb-3868-6915627d7f4a,15f423fe-7956-12cf-24c7-5621cf82634b
937f2b27-185e-9975-3858-755bdccd01f3,15f423fe-7956-12cf-24c7-5621cf82634b
e25ff3e2-a879-6149-1a2a-97c8624262db,15f423fe-7956-12cf-24c7-5621cf82634b
a257ff40-d56b-9b2f-17fd-bf69a60b46d1,15f423fe-7956-12cf-24c7-5621cf82634b
ba04de4e-3877-7212-8a6b-e945f4b4b3b8,15f423fe-7956-12cf-24c7-5621cf82634b
fa0c6789-a29f-d9c7-1dc6-ffaae006fc03,15f423fe-7956-12cf-24c7-5621cf82634b
62a494ee-37cf-3021-5a29-00b54adc9255,a0d2c5d5-6f82-2ee5-cec3-58099ee5aedc
b80dc248-d16e-9938-fdac-1c99a3ef6842,a0d2c5d5-6f82-2ee5-cec3-58099ee5aedc
f60c9d53-5711-a345-2139-1d45713041c9,a0d2c5d5-6f82-2ee5-cec3-58099ee5aedc
6311f6f0-c64d-2270-1820-277a2a3672ab,a0d2c5d5-6f82-2ee5-cec3-58099ee5aedc
d003ac5d-b274-1676-5480-3d120021a1da,a0d2c5d5-6f82-2ee5-cec3-58099ee5aedc
69367f2c-c71d-4ebe-5cf3-46c87dc853e0,a0d2c5d5-6f82-2ee5-cec3-58099ee5aedc
3b727a74-88a3-78fa-ea5f-5f625b34c45b,a0d2c5d5-6f82-2ee5-cec3-58099ee5aedc
e28be90e-138d-6b92-4e47-870cb0b3753e,a0d2c5d5-6f82-2ee5-cec3-58099ee5aedc
e72587a4-5a00-ad37-7b2b-9509c143ff98,a0d2c5d5-6f82-2ee5-cec3-58099ee5aedc
1d7e0863-82d3-7035-6b78-de27c24b60eb,a0d2c5d5-6f82-2ee5-cec3-58099ee5aedc
6078c727-12e0-052e-538c-0c457bc5a34f,322e2594-e108-c7cd-c3e7-583441087ef6
3f8baa29-06ac-824c-d6d0-23c0af2f9396,322e2594-e108-c7cd-c3e7-583441087ef6
fbacdd53-f55c-c579-1980-38c8992782c0,322e2594-e108-c7cd-c3e7-583441087ef6
d33860fe-66d6-fdc4-ec52-43e25e3cdd19,322e2594-e108-c7cd-c3e7-583441087ef6
65bca03f-4739-ac0a-6834-4b78e15fac82,322e2594-e108-c7cd-c3e7-583441087ef6
bd7e2196-95ef-f9ce-144b-59f9a7f090ab,322e2594-e108-c7cd-c3e7-583441087ef6
a4632463-35b7-a958-a3f4-73d77e734061,322e2594-e108-c7cd-c3e7-583441087ef6
1721a537-7fde-1427-5497-8fa7524deda4,322e2594-e108-c7cd-c3e7-583441087ef6
34681689-5098-25a9-7122-c72b7cea65b3,322e2594-e108-c7cd-c3e7-583441087ef6
6da21e51-54a2-6396-8880-f13a16b53954,322e2594-e108-c7cd-c3e7-583441087ef6
81b0ec2b-b755-9ed9-3a36-359a668b94b6,8500ec15-5268-6944-5937-58ad10b82807
aeccbde5-76fb-01d9-2cfa-4d59477abafc,8500ec15-5268-6944-5937-58ad10b82807
6633359e-70a4-1154-075c-53e026516023,8500ec15-5268-6944-5937-58ad10b82807
f3f7b4f7-8903-5576-2930-5c8a504c2aa7,8500ec15-5268-6944-5937-58ad10b82807
b5169c62-7929-ce20-c7ef-9b6f290997a7,8500ec15-5268-6944-5937-58ad10b82807
07fe0330-c4e3-4fb1-0b66-a72c78722c0e,8500ec15-5268-6944-5937-58ad10b82807
17ef843b-5b68-c146-859a-b5744de2508d,8500ec15-5268-6944-5937-58ad10b82807
059cd7b2-50f0-13c6-16d9-ba515a778bcd,8500ec15-5268-6944-5937-58ad10b82807
61b68181-28ce-1edf-ec6a-d5180716904f,8500ec15-5268-6944-5937-58ad10b82807
dd23382d-b824-c282-2426-ed67d1ed57af,8500ec15-5268-6944-5937-58ad10b82807
2e01ad0c-5703-6fe5-977b-065507e4fac0,9254aa81-22c8-d26c-3d2d-5987754176b6
1b71a2ab-412f-f8c4-6353-1254c727e140,9254aa81-22c8-d26c-3d2d-5987754176b6
80affe51-8ed1-ef24-5fd9-2f52fedb4110,9254aa81-22c8-d26c-3d2d-5987754176b6
e1fbe78d-d7ac-359a-74a7-5d90c7cd105f,9254aa81-22c8-d26c-3d2d-5987754176b6
5657763e-dd1e-bc29-5b71-70c641b9f62a,9254aa81-22c8-d26c-3d2d-5987754176b6
10a5786a-f5cf-eda2-be96-80678cff49ef,9254aa81-22c8-d26c-3d2d-5987754176b6
df00a11f-7af6-50c7-968d-dfa2f819204c,9254aa81-22c8-d26c-3d2d-5987754176b6
9b4929d2-1228-5ac2-9bdd-e6659ab14d0a,9254aa81-22c8-d26c-3d2d-5987754176b6
27cf10b8-9f0d-00d7-a9ab-f2f371329cc7,9254aa81-22c8-d26c-3d2d-5987754176b6
5e970520-72ed-e71e-061f-f8afa63f69ee,9254aa81-22c8-d26c-3d2d-5987754176b6
acfb6bc2-b478-2789-2fcc-0cb7e4e8febf,2417f37f-62ab-88e7-d1f8-5a9bff163349
f968a460-aab2-c629-1684-16ae5b2ed7bf,2417f37f-62ab-88e7-d1f8-5a9bff163349
93b87d77-43e9-c38a-f8b3-5de4b158411b,2417f37f-62ab-88e7-d1f8-5a9bff163349
69d7f5a4-9f51-6e29-27ae-703ead6d0437,2417f37f-62ab-88e7-d1f8-5a9bff163349
9919ac3e-c11e-8b92-a378-7af00e6aab70,2417f37f-62ab-88e7-d1f8-5a9bff163349
aad3c8b8-3d8e-0c75-826b-99a8e4f41952,2417f37f-62ab-88e7-d1f8-5a9bff163349
86fdcdf9-aca2-256b-7a76-a9e3b6d4f699,2417f37f-62ab-88e7-d1f8-5a9bff163349
a1452345-a8db-1ef9-5e4c-ad79b38b1daf,2417f37f-62ab-88e7-d1f8-5a9bff163349
fb9b0643-9871-0e47-3ed3-caa906ab4daa,2417f37f-62ab-88e7-d1f8-5a9bff163349
acd5cca5-446b-1e90-83cf-eb7abbb27f42,2417f37f-62ab-88e7-d1f8-5a9bff163349
65bca03f-4739-ac0a-6834-4b78e15fac82,90b94a59-047f-46b2-0113-5b2b6d1ebb06
076b1eae-cacf-a4e5-21f0-5fea11ab015b,90b94a59-047f-46b2-0113-5b2b6d1ebb06
9a3e23f0-f5ee-85bf-1c81-689e6970bd86,90b94a59-047f-46b2-0113-5b2b6d1ebb06
a4632463-35b7-a958-a3f4-73d77e734061,90b94a59-047f-46b2-0113-5b2b6d1ebb06
46b720a8-fa0c-b6f8-a990-8744829f21ae,90b94a59-047f-46b2-0113-5b2b6d1ebb06
1721a537-7fde-1427-5497-8fa7524deda4,90b94a59-047f-46b2-0113-5b2b6d1ebb06
10f2ce5f-8b5a-9d30-0d5d-b024e83c10d3,90b94a59-047f-46b2-0113-5b2b6d1ebb06
5311bef3-11e8-8c8a-a796-bf6a64d37d05,90b94a59-047f-46b2-0113-5b2b6d1ebb06
34681689-5098-25a9-7122-c72b7cea65b3,90b94a59-047f-46b2-0113-5b2b6d1ebb06
6da21e51-54a2-6396-8880-f13a16b53954,90b94a59-047f-46b2-0113-5b2b6d1ebb06
2713c70f-71de-b488-fcf4-06d24a5b844c,d3656bf3-0b2c-7eef-346d-607555c7b350
f671a15c-5efe-fb85-98e2-0ad014270033,d3656bf3-0b2c-7eef-346d-607555c7b350
8eecaea3-7759-9ca3-a148-204f780e7d7b,d3656bf3-0b2c-7eef-346d-607555c7b350
f59720cf-a698-ca00-8ed9-3ac0354cb2b1,d3656bf3-0b2c-7eef-346d-607555c7b350
c301cbda-5d5b-e929-a020-3c564660b63f,d3656bf3-0b2c-7eef-346d-607555c7b350
dcab53c5-399e-192b-f58f-4d1770462205,d3656bf3-0b2c-7eef-346d-607555c7b350
1bb9508d-038e-c96f-46c9-829dda229b86,d3656bf3-0b2c-7eef-346d-607555c7b350
ba9acf3a-4c5e-6a02-b18d-8ef4d0d2438b,d3656bf3-0b2c-7eef-346d-607555c7b350
decb3df4-8bf7-97e7-0d9a-a29ce3877533,d3656bf3-0b2c-7eef-346d-607555c7b350
6d1241c9-edf4-1d9b-c753-de8d47d2f2de,d3656bf3-0b2c-7eef-346d-607555c7b350
e264100f-a55c-d311-c509-0953b803e9a5,384a0fa8-a165-8a16-d14c-60d66f077c82
6424fe51-8e88-da45-4ce7-632da57ab24d,384a0fa8-a165-8a16-d14c-60d66f077c82
d0e862c4-b8c9-8381-5044-78a5c35337c5,384a0fa8-a165-8a16-d14c-60d66f077c82
c47a2799-cfe4-3ca2-ba05-794b68e82d10,384a0fa8-a165-8a16-d14c-60d66f077c82
1fbade5d-22c9-56d3-cfa3-847034ae12dd,384a0fa8-a165-8a16-d14c-60d66f077c82
19a1ca92-63ae-1c8c-95c2-970286968288,384a0fa8-a165-8a16-d14c-60d66f077c82
7dc1cbee-9f9b-80cb-97fc-98a513e67f98,384a0fa8-a165-8a16-d14c-60d66f077c82
ee4aa6cc-7c22-040c-42a3-a91e53754774,384a0fa8-a165-8a16-d14c-60d66f077c82
174ef316-77ad-9322-fd4f-c05ce138144c,384a0fa8-a165-8a16-d14c-60d66f077c82
ac8d7dc8-df21-2e6e-afa6-c9fe18e3969c,384a0fa8-a165-8a16-d14c-60d66f077c82
15794079-ef21-1778-79ab-436426e086b0,2cb23a05-6333-497b-b146-61966b7cc699
38c3040c-53f4-7445-2eaf-48d8d45db231,2cb23a05-6333-497b-b146-61966b7cc699
c4a8f127-6ac4-48cf-e65f-4dbf084de995,2cb23a05-6333-497b-b146-61966b7cc699
9d4ef976-83ec-3093-afc5-6416bc66348f,2cb23a05-6333-497b-b146-61966b7cc699
2815d46f-00f5-0095-1e1c-64f072c3db66,2cb23a05-6333-497b-b146-61966b7cc699
3e3452e3-7d20-098c-ecd8-ba76ef478219,2cb23a05-6333-497b-b146-61966b7cc699
63005554-4333-cdbe-d8cf-cd6f14d890ec,2cb23a05-6333-497b-b146-61966b7cc699
d0a53083-7a9a-179c-a0cf-db134e721e1f,2cb23a05-6333-497b-b146-61966b7cc699
f2a0c72e-9258-c398-fc27-e47a40dda602,2cb23a05-6333-497b-b146-61966b7cc699
a26a7cef-767a-165a-4525-f715fc28bdcb,2cb23a05-6333-497b-b146-61966b7cc699
8f2ca311-1bdd-5dac-85cd-1f27460aab57,7275ec1b-8001-4230-3ba3-61af61cf32b0
5448e7ca-4385-9de8-554c-263d53dd8340,7275ec1b-8001-4230-3ba3-61af61cf32b0
70f2416b-0451-a90d-0a7e-2a931bf284c6,7275ec1b-8001-4230-3ba3-61af61cf32b0
77e97a57-d422-b89b-f417-8abfcf81bf79,7275ec1b-8001-4230-3ba3-61af61cf32b0
438b344c-b826-4d4f-d004-a85d3e2d40c3,7275ec1b-8001-4230-3ba3-61af61cf32b0
766380f8-9bc9-23f9-ac0b-b4ce0470e669,7275ec1b-8001-4230-3ba3-61af61cf32b0
005ac36b-a787-4bd1-17ec-c1796013ca28,7275ec1b-8001-4230-3ba3-61af61cf32b0
7a05721d-4cbf-003d-cbe0-cc7447d1154b,7275ec1b-8001-4230-3ba3-61af61cf32b0
b6f80a88-6eb8-96ac-49cc-e5ad36cad8dc,7275ec1b-8001-4230-3ba3-61af61cf32b0
321f1d90-737d-b1b5-8f4e-f7d321551900,7275ec1b-8001-4230-3ba3-61af61cf32b0
1731a057-f569-d6b0-2713-0246687ee5ec,eeb3ad8b-b5b5-517f-0f84-629ccd2ffb17
6078c727-12e0-052e-538c-0c457bc5a34f,eeb3ad8b-b5b5-517f-0f84-629ccd2ffb17
3f8baa29-06ac-824c-d6d0-23c0af2f9396,eeb3ad8b-b5b5-517f-0f84-629ccd2ffb17
163f0220-253f-8d10-e35e-2a3c61ffad63,eeb3ad8b-b5b5-517f-0f84-629ccd2ffb17
fbacdd53-f55c-c579-1980-38c8992782c0,eeb3ad8b-b5b5-517f-0f84-629ccd2ffb17
d33860fe-66d6-fdc4-ec52-43e25e3cdd19,eeb3ad8b-b5b5-517f-0f84-629ccd2ffb17
bd7e2196-95ef-f9ce-144b-59f9a7f090ab,eeb3ad8b-b5b5-517f-0f84-629ccd2ffb17
5b2e04ed-0d62-6fb5-76e2-5e52d3bd3e73,eeb3ad8b-b5b5-517f-0f84-629ccd2ffb17
8cfed6d9-5d03-43da-e3ab-8091c7224737,eeb3ad8b-b5b5-517f-0f84-629ccd2ffb17
1e756342-b918-5b20-2ad2-c64b52439538,eeb3ad8b-b5b5-517f-0f84-629ccd2ffb17
42fb4451-2090-3ebf-d09d-1c9a6b771a00,a5f234bd-49d3-35de-43f8-6588e20d4110
129242e8-2528-691a-7d24-23d66624ac77,a5f234bd-49d3-35de-43f8-6588e20d4110
9d116329-8966-5fc0-dcf3-2cdf9f26f318,a5f234bd-49d3-35de-43f8-6588e20d4110
9b130bb1-dd62-b7c4-4ae2-2dcbb58cd8c4,a5f234bd-49d3-35de-43f8-6588e20d4110
a61a14b6-a7f2-9311-ef66-5c7d663c2544,a5f234bd-49d3-35de-43f8-6588e20d4110
695da835-3388-74fe-c658-739dcb9aaca3,a5f234bd-49d3-35de-43f8-6588e20d4110
24dde078-8d29-dc8d-3bf4-9d0137369f8e,a5f234bd-49d3-35de-43f8-6588e20d4110
d3a8aff5-a8ad-983b-6654-aa6558a6660a,a5f234bd-49d3-35de-43f8-6588e20d4110
01485480-eafb-5413-24ed-c50539a74dd0,a5f234bd-49d3-35de-43f8-6588e20d4110
0429df91-782b-3b3c-972f-c7348f8b6414,a5f234bd-49d3-35de-43f8-6588e20d4110
e32e9e54-6934-86a9-e2a7-0b012ce42332,7dd12966-aba2-a8ca-f520-6876153715e5
b80dc248-d16e-9938-fdac-1c99a3ef6842,7dd12966-aba2-a8ca-f520-6876153715e5
20048173-1648-07d8-bdbe-58d638b70fc6,7dd12966-aba2-a8ca-f520-6876153715e5
3b727a74-88a3-78fa-ea5f-5f625b34c45b,7dd12966-aba2-a8ca-f520-6876153715e5
e28be90e-138d-6b92-4e47-870cb0b3753e,7dd12966-aba2-a8ca-f520-6876153715e5
a9d10153-ee88-2757-f19a-8efbe36fd9e8,7dd12966-aba2-a8ca-f520-6876153715e5
e72587a4-5a00-ad37-7b2b-9509c143ff98,7dd12966-aba2-a8ca-f520-6876153715e5
38e783eb-f8ea-dc75-0fd6-b0944d2bed95,7dd12966-aba2-a8ca-f520-6876153715e5
1d7e0863-82d3-7035-6b78-de27c24b60eb,7dd12966-aba2-a8ca-f520-6876153715e5
d65403a3-eeb4-ce2f-bb47-fe3daef7f4d0,7dd12966-aba2-a8ca-f520-6876153715e5
bafe685e-dd08-5b1c-2362-13f4a5dbc79c,8d5b8938-6e5a-db13-c60d-697fd3f986c3
b11876df-c9f7-779a-bf69-407c4e513578,8d5b8938-6e5a-db13-c60d-697fd3f986c3
05561c80-d247-ad0c-a8d1-46d0eff38e57,8d5b8938-6e5a-db13-c60d-697fd3f986c3
a9372e53-ecea-8e0d-a58b-495d4205ac79,8d5b8938-6e5a-db13-c60d-697fd3f986c3
f30d46f9-e55c-709a-b28a-76cce2b65aab,8d5b8938-6e5a-db13-c60d-697fd3f986c3
6aee64d8-d932-5655-03a9-a170e0aefd9e,8d5b8938-6e5a-db13-c60d-697fd3f986c3
be24f2d1-2a1a-a46c-957c-abe9039939c8,8d5b8938-6e5a-db13-c60d-697fd3f986c3
33d7f1ed-9fc2-0a7f-45ed-d00a02e2a99f,8d5b8938-6e5a-db13-c60d-697fd3f986c3
077788a2-e4be-0a8b-3a31-d11540ea9127,8d5b8938-6e5a-db13-c60d-697fd3f986c3
6378912d-ee73-52a8-5490-ed9b082771c6,8d5b8938-6e5a-db13-c60d-697fd3f986c3
19bc70ad-d2a8-774a-8afa-015c5178a06e,aa70ddc8-4e7d-91fe-a731-6b531c82e420
410e0e21-49e3-39ee-9022-06f7bf196fc0,aa70ddc8-4e7d-91fe-a731-6b531c82e420
b0605a53-64e6-dd77-28a3-7168909a34eb,aa70ddc8-4e7d-91fe-a731-6b531c82e420
7692ddb4-8a9d-781e-d478-76271c33cf29,aa70ddc8-4e7d-91fe-a731-6b531c82e420
8db4718a-e792-dcc2-ca65-8f5b98c4c33c,aa70ddc8-4e7d-91fe-a731-6b531c82e420
c4834aa5-017a-f680-9f4e-b83695e8ceb9,aa70ddc8-4e7d-91fe-a731-6b531c82e420
3c259a7a-2342-804b-712a-badc73c263a3,aa70ddc8-4e7d-91fe-a731-6b531c82e420
a4e7aa72-2a59-09de-3389-bfb096e35d30,aa70ddc8-4e7d-91fe-a731-6b531c82e420
086346ff-f23e-c33b-24d8-e40e16b6657e,aa70ddc8-4e7d-91fe-a731-6b531c82e420
54e9f72d-65d4-2153-8596-f750e26d1c9e,aa70ddc8-4e7d-91fe-a731-6b531c82e420
1b71a2ab-412f-f8c4-6353-1254c727e140,68190194-0fe6-02d3-ada7-6bc8ccbe5695
6cf04536-41eb-b1e5-54cf-1b7bfe7a96a9,68190194-0fe6-02d3-ada7-6bc8ccbe5695
96853711-de73-551b-fb64-28a6e7a28207,68190194-0fe6-02d3-ada7-6bc8ccbe5695
80affe51-8ed1-ef24-5fd9-2f52fedb4110,68190194-0fe6-02d3-ada7-6bc8ccbe5695
d4b155b5-ab24-3286-4299-406d52fb402b,68190194-0fe6-02d3-ada7-6bc8ccbe5695
10a5786a-f5cf-eda2-be96-80678cff49ef,68190194-0fe6-02d3-ada7-6bc8ccbe5695
528b694d-e70e-970a-9383-a353f744b114,68190194-0fe6-02d3-ada7-6bc8ccbe5695
df00a11f-7af6-50c7-968d-dfa2f819204c,68190194-0fe6-02d3-ada7-6bc8ccbe5695
b54c4668-2f5f-be73-7adf-f151e7544725,68190194-0fe6-02d3-ada7-6bc8ccbe5695
5e970520-72ed-e71e-061f-f8afa63f69ee,68190194-0fe6-02d3-ada7-6bc8ccbe5695
423ab56c-2d23-1aae-2b45-0cc6d4928d3b,9fa0318d-5f62-ee14-3e2e-6c7de2940cb7
ee9e283e-480d-5ebc-7d9c-14389b6dac69,9fa0318d-5f62-ee14-3e2e-6c7de2940cb7
ea318ff0-4a99-45c8-2435-4077fcfe0b72,9fa0318d-5f62-ee14-3e2e-6c7de2940cb7
cc4d7dcb-4678-d997-a203-418dd2c8129e,9fa0318d-5f62-ee14-3e2e-6c7de2940cb7
8ba5e387-0e76-8cf8-ec95-5cc9b1661f4c,9fa0318d-5f62-ee14-3e2e-6c7de2940cb7
781239e4-64c3-e8a9-d1c3-6e5cfdd3a59a,9fa0318d-5f62-ee14-3e2e-6c7de2940cb7
bf4f42bc-b398-f910-9bbc-9f1b93fa95ac,9fa0318d-5f62-ee14-3e2e-6c7de2940cb7
e0b9cf45-a235-e0cc-d982-a174326977fe,9fa0318d-5f62-ee14-3e2e-6c7de2940cb7
28e2b62b-5f0d-51a8-b9dc-a47eae899aea,9fa0318d-5f62-ee14-3e2e-6c7de2940cb7
3baf271b-7e16-4876-6143-d2512bf0ac96,9fa0318d-5f62-ee14-3e2e-6c7de2940cb7
1e27f634-2dc2-f90d-08b6-0bca4cbe06f3,dc9f5ebd-f29f-4e2d-e656-6d831f66fbc0
3840dc52-f26b-b225-1fd2-157a21dae269,dc9f5ebd-f29f-4e2d-e656-6d831f66fbc0
7eccdde9-323b-64e4-53dd-268396df6178,dc9f5ebd-f29f-4e2d-e656-6d831f66fbc0
de45d7aa-87fe-025a-be6b-2f26b1107d7c,dc9f5ebd-f29f-4e2d-e656-6d831f66fbc0
ad7e1e2f-2361-b0c7-a19e-3c8ca2acb2da,dc9f5ebd-f29f-4e2d-e656-6d831f66fbc0
c4ac4b5b-d4e3-584e-2f5b-57a946454cfb,dc9f5ebd-f29f-4e2d-e656-6d831f66fbc0
9278c4d7-6049-b079-be01-6dd89c9165d5,dc9f5ebd-f29f-4e2d-e656-6d831f66fbc0
4ddec17c-d0ac-0852-c101-9d8a0a9b2e4b,dc9f5ebd-f29f-4e2d-e656-6d831f66fbc0
a0049ba9-0af0-cee5-16c1-bb95d5417d2b,dc9f5ebd-f29f-4e2d-e656-6d831f66fbc0
2c8f7ca1-3f7b-1ac9-1fa5-ca63bcc491de,dc9f5ebd-f29f-4e2d-e656-6d831f66fbc0
72aeaeb8-b07d-9623-9f93-07a80767f895,d05438d2-c394-4656-831b-6e2a9613dac1
202deb84-4358-377c-ea6d-217b199f5c77,d05438d2-c394-4656-831b-6e2a9613dac1
2b113f5f-81d0-56f3-9dee-4c4259bec7d2,d05438d2-c394-4656-831b-6e2a9613dac1
162fe4e2-0fc8-0e2e-8773-7b0365b93cd7,d05438d2-c394-4656-831b-6e2a9613dac1
e2f2146a-57cc-352a-5473-9f19c29fd176,d05438d2-c394-4656-831b-6e2a9613dac1
4119da81-5472-52c5-56d5-c85168d39b41,d05438d2-c394-4656-831b-6e2a9613dac1
a60328f2-4839-83d6-114a-e08697f4a55f,d05438d2-c394-4656-831b-6e2a9613dac1
c0c26d78-9d4f-338e-414a-f014ebae3fec,d05438d2-c394-4656-831b-6e2a9613dac1
76e7ae84-ddd7-e01b-ef71-f64822ce910c,d05438d2-c394-4656-831b-6e2a9613dac1
a7eb27bb-a5b5-bee9-5321-fd2a8310e2e9,d05438d2-c394-4656-831b-6e2a9613dac1
05ae810e-c02c-5c7e-4e99-024d483747b3,d67e10e8-cb28-9657-8c29-6f780e02cf1f
2c48e48f-8574-6f4a-cc8d-0a9eaa6f2dbd,d67e10e8-cb28-9657-8c29-6f780e02cf1f
1815ded6-a57e-ac56-9b56-17f7f44ce7b6,d67e10e8-cb28-9657-8c29-6f780e02cf1f
74bd869b-b69b-da30-5a45-9198c486118d,d67e10e8-cb28-9657-8c29-6f780e02cf1f
0fb528b0-1538-d711-ed64-a86e32b553c8,d67e10e8-cb28-9657-8c29-6f780e02cf1f
9df67522-2f15-edfa-c131-acb288ac5523,d67e10e8-cb28-9657-8c29-6f780e02cf1f
38c2df31-8155-4188-53e6-af7cd4280f95,d67e10e8-cb28-9657-8c29-6f780e02cf1f
7d279aaf-a4f1-5f37-dd2c-c507dd6678dc,d67e10e8-cb28-9657-8c29-6f780e02cf1f
e2fc2a5b-ea3f-fca6-1ec6-e1192c562dbc,d67e10e8-cb28-9657-8c29-6f780e02cf1f
2816039f-2380-b711-cdc3-ef23f34ca8e9,d67e10e8-cb28-9657-8c29-6f780e02cf1f
53e3271f-5aee-47a7-1bc5-0233f7bf5581,00124337-8290-aec7-20e0-72b7523e6852
e92a284a-9700-e8c4-6531-0d05de71bb63,00124337-8290-aec7-20e0-72b7523e6852
a3e9319e-1171-3b1d-2af8-39f49264ac13,00124337-8290-aec7-20e0-72b7523e6852
0bc7654c-c263-85e7-2b8c-3baef66d48b9,00124337-8290-aec7-20e0-72b7523e6852
ab1ed743-6172-ce67-63c5-57ec3d3afe62,00124337-8290-aec7-20e0-72b7523e6852
db05d7da-0100-0446-2479-5968f0c3f41e,00124337-8290-aec7-20e0-72b7523e6852
1059bed2-ac32-f950-6272-70730a119413,00124337-8290-aec7-20e0-72b7523e6852
440119c1-1474-6bd8-46a6-85598749d02d,00124337-8290-aec7-20e0-72b7523e6852
309d7efb-cbd6-6077-8f4a-981499dd3127,00124337-8290-aec7-20e0-72b7523e6852
01f14323-382f-0f00-3dcd-e84f8f80f792,00124337-8290-aec7-20e0-72b7523e6852
d4c60784-6dd3-f761-fd69-0bdeb41f1216,7086ecdf-458c-1d1f-0199-76c11a76ee60
346307f2-2412-8438-933a-518888c13cf9,7086ecdf-458c-1d1f-0199-76c11a76ee60
7bfea452-b669-fd00-f6c1-550132d7a62d,7086ecdf-458c-1d1f-0199-76c11a76ee60
77cd09ec-b3e3-247a-1a9c-840f006d4e74,7086ecdf-458c-1d1f-0199-76c11a76ee60
ca32420b-d3e2-6640-7668-b1123d00342e,7086ecdf-458c-1d1f-0199-76c11a76ee60
92b586b6-2953-3819-60eb-b4975da4be43,7086ecdf-458c-1d1f-0199-76c11a76ee60
db3e7b01-3dd3-88f7-4344-c3712611f223,7086ecdf-458c-1d1f-0199-76c11a76ee60
061f957f-a607-56da-4c00-c9e46154d24c,7086ecdf-458c-1d1f-0199-76c11a76ee60
36f274ee-b8c3-ec3a-8d09-cee1542f9724,7086ecdf-458c-1d1f-0199-76c11a76ee60
bc29f972-05f8-2b14-3efe-deb6d4ec71ab,7086ecdf-458c-1d1f-0199-76c11a76ee60
a5afc2b7-4914-d687-488e-2c8b9d49d4ce,82a2272d-fe3c-efc1-7bb0-792cd9632ddd
deb80997-2543-75f1-56b5-39266f92713f,82a2272d-fe3c-efc1-7bb0-792cd9632ddd
7acc3640-12bb-cae0-dc93-5bc66c5991ef,82a2272d-fe3c-efc1-7bb0-792cd9632ddd
8122960b-fd67-b245-f55b-5bd21c8a5a02,82a2272d-fe3c-efc1-7bb0-792cd9632ddd
d732d1d1-f215-b911-a6ec-7e0fde12c581,82a2272d-fe3c-efc1-7bb0-792cd9632ddd
894ef1e5-d5cb-c582-cad4-966e82a6b7a0,82a2272d-fe3c-efc1-7bb0-792cd9632ddd
5412fcbf-8462-5865-c559-9877572597fe,82a2272d-fe3c-efc1-7bb0-792cd9632ddd
d69cd391-f170-c454-ff4b-e5d6a55f3631,82a2272d-fe3c-efc1-7bb0-792cd9632ddd
c98734bd-e854-02f2-1934-ee43917c7bb1,82a2272d-fe3c-efc1-7bb0-792cd9632ddd
4f418da5-13a8-531d-b2f0-f776bd145215,82a2272d-fe3c-efc1-7bb0-792cd9632ddd
717a03e2-9883-47fb-3575-025dcde39517,bd1003f1-c79c-b4d9-e817-7972a8d858c0
4eac9c18-6fdd-dd22-ab5f-39a5e1bd7f5d,bd1003f1-c79c-b4d9-e817-7972a8d858c0
c2c1786c-0eb2-4209-2d65-3ff0f9d8cf92,bd1003f1-c79c-b4d9-e817-7972a8d858c0
79983cda-814f-53db-0462-557bfd3768b5,bd1003f1-c79c-b4d9-e817-7972a8d858c0
eb24ebc4-0ad7-c154-4471-57e4a4faa2c0,bd1003f1-c79c-b4d9-e817-7972a8d858c0
3fc19bac-94ad-9798-969f-72ef932fd285,bd1003f1-c79c-b4d9-e817-7972a8d858c0
50f9eac2-325e-6b16-f10e-aa1869aacccd,bd1003f1-c79c-b4d9-e817-7972a8d858c0
b37ddc1a-edcc-b18a-e129-f36607b15acf,bd1003f1-c79c-b4d9-e817-7972a8d858c0
8111ed1a-305b-a398-1bfd-fbd7e3beacc2,bd1003f1-c79c-b4d9-e817-7972a8d858c0
a8ae7eab-b0e4-b774-eb1b-fc9359ddfde6,bd1003f1-c79c-b4d9-e817-7972a8d858c0
2713c70f-71de-b488-fcf4-06d24a5b844c,250bc754-ecc2-47a6-8f1b-79d35cab75d4
f671a15c-5efe-fb85-98e2-0ad014270033,250bc754-ecc2-47a6-8f1b-79d35cab75d4
d4a56208-66f7-566a-ba4f-0d4b9bd24657,250bc754-ecc2-47a6-8f1b-79d35cab75d4
97dce9ff-9ddc-ce8a-3cd3-17ab0ad0878f,250bc754-ecc2-47a6-8f1b-79d35cab75d4
8eecaea3-7759-9ca3-a148-204f780e7d7b,250bc754-ecc2-47a6-8f1b-79d35cab75d4
c301cbda-5d5b-e929-a020-3c564660b63f,250bc754-ecc2-47a6-8f1b-79d35cab75d4
e05bca79-6f7b-23fd-50d6-76d7fa73c752,250bc754-ecc2-47a6-8f1b-79d35cab75d4
68febdbb-d3e8-a607-da68-89cc3fbbec31,250bc754-ecc2-47a6-8f1b-79d35cab75d4
ba9acf3a-4c5e-6a02-b18d-8ef4d0d2438b,250bc754-ecc2-47a6-8f1b-79d35cab75d4
61663255-bc45-e845-00a8-fc5300d7ab96,250bc754-ecc2-47a6-8f1b-79d35cab75d4
6a8f6f31-0f44-84b8-a4ae-2fe4b0230aac,0e5d49d1-6626-1a69-d247-7a2604e1037c
c65773e0-4208-e871-46ef-34bf19b0cde2,0e5d49d1-6626-1a69-d247-7a2604e1037c
3e4c0335-caa0-2be5-fa11-3ba1e748fca2,0e5d49d1-6626-1a69-d247-7a2604e1037c
e6809ad3-5dc9-625c-61c4-5ed6b07425d4,0e5d49d1-6626-1a69-d247-7a2604e1037c
84a996fa-c477-4245-f9bf-5f83ebff5b7b,0e5d49d1-6626-1a69-d247-7a2604e1037c
68318049-cf9a-a64f-f47f-74e70aac3177,0e5d49d1-6626-1a69-d247-7a2604e1037c
2c53028c-8ac0-b21a-b79f-86fdebeee6c0,0e5d49d1-6626-1a69-d247-7a2604e1037c
0f35e8be-e787-87ea-d116-89c6444b4846,0e5d49d1-6626-1a69-d247-7a2604e1037c
ed5a933a-7675-0ebc-a1f4-8b1089c1727f,0e5d49d1-6626-1a69-d247-7a2604e1037c
d0c67a7e-3cf6-f073-40f9-e214b086b606,0e5d49d1-6626-1a69-d247-7a2604e1037c
fd2bc810-a009-222c-f305-0e72eb0cc899,e4c79f70-5b77-b970-594e-7b86013a6f75
bafe685e-dd08-5b1c-2362-13f4a5dbc79c,e4c79f70-5b77-b970-594e-7b86013a6f75
b11876df-c9f7-779a-bf69-407c4e513578,e4c79f70-5b77-b970-594e-7b86013a6f75
05561c80-d247-ad0c-a8d1-46d0eff38e57,e4c79f70-5b77-b970-594e-7b86013a6f75
6c243165-aa91-6499-890b-5974d651597b,e4c79f70-5b77-b970-594e-7b86013a6f75
050768a8-6292-6ab9-caaf-6969522a845e,e4c79f70-5b77-b970-594e-7b86013a6f75
f30d46f9-e55c-709a-b28a-76cce2b65aab,e4c79f70-5b77-b970-594e-7b86013a6f75
5c7c65f1-9a20-120e-05f0-941bc75145ca,e4c79f70-5b77-b970-594e-7b86013a6f75
5659d64f-be3f-1b7b-505e-9f4f2e582bb4,e4c79f70-5b77-b970-594e-7b86013a6f75
6378912d-ee73-52a8-5490-ed9b082771c6,e4c79f70-5b77-b970-594e-7b86013a6f75
9db6143c-0bba-3341-f0e9-07a88406044c,2698dd92-531e-f81e-3937-7c2b81300888
44268db8-2e83-3d59-eefc-0952df6497ac,2698dd92-531e-f81e-3937-7c2b81300888
dacbc2f5-9c4a-750a-e7e3-2c7e8abd2542,2698dd92-531e-f81e-3937-7c2b81300888
4ab2786f-dba0-8f41-7ca2-75578245d4bf,2698dd92-531e-f81e-3937-7c2b81300888
194cf669-acc5-9aca-9209-895c6496bcf1,2698dd92-531e-f81e-3937-7c2b81300888
494d1f98-58a3-0ed7-b594-8e3f9ea19549,2698dd92-531e-f81e-3937-7c2b81300888
09f564a6-5962-df96-7abc-9159f07529cd,2698dd92-531e-f81e-3937-7c2b81300888
2860fea6-ddf5-8519-f625-a0a178e6bc0d,2698dd92-531e-f81e-3937-7c2b81300888
901d6bda-20d8-1cf4-9834-c2d56a4e2dd1,2698dd92-531e-f81e-3937-7c2b81300888
fcb868b9-27c5-4d4a-febe-fdebfe726afb,2698dd92-531e-f81e-3937-7c2b81300888
5c81123b-e3c4-97c2-f263-00f87dd5f209,26e0768e-02ff-4b06-48e4-7cf6cce4db90
95648313-73a5-9860-93c6-0f2e04a8b349,26e0768e-02ff-4b06-48e4-7cf6cce4db90
609af31f-a268-55f8-c9bf-17c850eb2bf2,26e0768e-02ff-4b06-48e4-7cf6cce4db90
635f055b-1521-b5fe-c08a-4fdf65cfe012,26e0768e-02ff-4b06-48e4-7cf6cce4db90
79583cda-9250-d558-ae2d-62f4f4997ce2,26e0768e-02ff-4b06-48e4-7cf6cce4db90
1ebd2927-8560-7b77-16bf-83c8802c3e5a,26e0768e-02ff-4b06-48e4-7cf6cce4db90
096dc940-d466-ef98-cebe-886dd885a37a,26e0768e-02ff-4b06-48e4-7cf6cce4db90
66deb530-be09-2b5e-66c6-afa01be46d51,26e0768e-02ff-4b06-48e4-7cf6cce4db90
461efccb-0ac9-1a7c-f1fb-b4a212264322,26e0768e-02ff-4b06-48e4-7cf6cce4db90
1ce872ce-1101-d23a-1d69-bea49e9aa9c8,26e0768e-02ff-4b06-48e4-7cf6cce4db90
e0c495ad-03a2-573a-b586-30f77ca9d578,26e50c81-7817-4a52-114d-7fd0fb4dd8d2
f37aaf3b-5de5-d124-6dd9-36e2bfaa28a9,26e50c81-7817-4a52-114d-7fd0fb4dd8d2
8297d6fb-eb81-d246-d9b4-4ac2e33eb08b,26e50c81-7817-4a52-114d-7fd0fb4dd8d2
fe6fc95a-b5d3-0adc-e5f8-5ae82be0e651,26e50c81-7817-4a52-114d-7fd0fb4dd8d2
c7abfd0c-ce91-8b65-e04c-7fe1ec2311e1,26e50c81-7817-4a52-114d-7fd0fb4dd8d2
b4ebea14-9bf6-d903-7f89-869cab64ec52,26e50c81-7817-4a52-114d-7fd0fb4dd8d2
b580923a-0d2f-d2d3-ab56-a5ef86d25a34,26e50c81-7817-4a52-114d-7fd0fb4dd8d2
046c8f17-e9db-44f1-a7c5-bc549c1419c9,26e50c81-7817-4a52-114d-7fd0fb4dd8d2
471c15c9-304c-07ec-39fb-f32858995f40,26e50c81-7817-4a52-114d-7fd0fb4dd8d2
2dcecc48-ab37-1576-da30-fe794dbaa023,26e50c81-7817-4a52-114d-7fd0fb4dd8d2
3f47a1bf-beb2-728c-900f-10b31abc1774,5f6ca077-c4c0-151c-4bbb-8489b2e902c3
b54de31d-ee25-0c94-a9d3-2f63879f31f2,5f6ca077-c4c0-151c-4bbb-8489b2e902c3
e6351b2e-449a-c588-1561-64d5b59cf51e,5f6ca077-c4c0-151c-4bbb-8489b2e902c3
ea99e7ce-8e3f-d971-bf2d-8390b3f7571a,5f6ca077-c4c0-151c-4bbb-8489b2e902c3
9432a0aa-bda2-ae7b-dfaf-84d281414d66,5f6ca077-c4c0-151c-4bbb-8489b2e902c3
7a1b45bd-e803-cfca-ef7f-97e4255d6420,5f6ca077-c4c0-151c-4bbb-8489b2e902c3
797b7e7c-7a2d-f8eb-08ed-ad5a061216b1,5f6ca077-c4c0-151c-4bbb-8489b2e902c3
0ecc40e8-c6df-406e-be9e-bc3fe48e0a43,5f6ca077-c4c0-151c-4bbb-8489b2e902c3
375d005e-dca1-b060-7e44-c0f52d6c7e81,5f6ca077-c4c0-151c-4bbb-8489b2e902c3
0b5b64c4-754e-be32-98e7-ee90142334c2,5f6ca077-c4c0-151c-4bbb-8489b2e902c3
1cb2f330-b4fe-f5ad-2b59-0496bf89254b,78409736-abab-7d71-d9b0-849eede0c17c
54d866fb-8d80-b3ad-f6dc-125528e75b44,78409736-abab-7d71-d9b0-849eede0c17c
f968a460-aab2-c629-1684-16ae5b2ed7bf,78409736-abab-7d71-d9b0-849eede0c17c
038c078d-a7c5-c0a5-8cd1-264564152bc6,78409736-abab-7d71-d9b0-849eede0c17c
97cc7c68-c9ec-ac0e-e7e5-43f086e92c17,78409736-abab-7d71-d9b0-849eede0c17c
93b87d77-43e9-c38a-f8b3-5de4b158411b,78409736-abab-7d71-d9b0-849eede0c17c
69d7f5a4-9f51-6e29-27ae-703ead6d0437,78409736-abab-7d71-d9b0-849eede0c17c
aad3c8b8-3d8e-0c75-826b-99a8e4f41952,78409736-abab-7d71-d9b0-849eede0c17c
86fdcdf9-aca2-256b-7a76-a9e3b6d4f699,78409736-abab-7d71-d9b0-849eede0c17c
fe4b1834-f326-c165-d871-dcd3f8df6555,78409736-abab-7d71-d9b0-849eede0c17c
c8159790-180a-1bb7-da5b-1b743870155e,e3f8eef8-0fcb-79e0-1d2e-85c6948c3e8a
692ada97-a8dd-bb06-936e-272200c072c3,e3f8eef8-0fcb-79e0-1d2e-85c6948c3e8a
87704740-5fe3-bcf0-2b3d-39fd6673e939,e3f8eef8-0fcb-79e0-1d2e-85c6948c3e8a
eb26e883-ac86-8973-70c2-3f69658f418a,e3f8eef8-0fcb-79e0-1d2e-85c6948c3e8a
b682c776-c608-82ca-5b36-767a8c615e29,e3f8eef8-0fcb-79e0-1d2e-85c6948c3e8a
b086d474-3454-21dc-bef0-8fdf1bd9b0bd,e3f8eef8-0fcb-79e0-1d2e-85c6948c3e8a
96dc2cf1-bed8-db15-d40e-976705d74d12,e3f8eef8-0fcb-79e0-1d2e-85c6948c3e8a
7c64b3d0-7bb8-db5f-34be-9aab3f92cf28,e3f8eef8-0fcb-79e0-1d2e-85c6948c3e8a
fc99563e-2f8b-98da-2f5a-bcb47738c517,e3f8eef8-0fcb-79e0-1d2e-85c6948c3e8a
900ddec4-024f-b59c-fd04-f704d9475013,e3f8eef8-0fcb-79e0-1d2e-85c6948c3e8a
2e01ad0c-5703-6fe5-977b-065507e4fac0,561cfc19-71bf-aa6e-d898-86652656248e
e1fbe78d-d7ac-359a-74a7-5d90c7cd105f,561cfc19-71bf-aa6e-d898-86652656248e
5657763e-dd1e-bc29-5b71-70c641b9f62a,561cfc19-71bf-aa6e-d898-86652656248e
d991ebef-a804-0936-d2bb-8330a76b4791,561cfc19-71bf-aa6e-d898-86652656248e
c1c93fdf-dde6-e584-6f9f-92426aaed338,561cfc19-71bf-aa6e-d898-86652656248e
4a5dc40c-1a1c-9767-fe9b-bf640e17cd3f,561cfc19-71bf-aa6e-d898-86652656248e
f69502b6-842d-cf78-cea1-c427869e8d48,561cfc19-71bf-aa6e-d898-86652656248e
9b4929d2-1228-5ac2-9bdd-e6659ab14d0a,561cfc19-71bf-aa6e-d898-86652656248e
27cf10b8-9f0d-00d7-a9ab-f2f371329cc7,561cfc19-71bf-aa6e-d898-86652656248e
f0e97f70-bc2c-7b71-646a-fcfa61f309b9,561cfc19-71bf-aa6e-d898-86652656248e
917a4a8b-9e59-eddb-5403-2faac325a4fd,f947c954-03fc-cfdb-4901-867cf9272a09
aeccbde5-76fb-01d9-2cfa-4d59477abafc,f947c954-03fc-cfdb-4901-867cf9272a09
6633359e-70a4-1154-075c-53e026516023,f947c954-03fc-cfdb-4901-867cf9272a09
4f07e1f0-eb17-dcd6-fec8-5a100824ba2e,f947c954-03fc-cfdb-4901-867cf9272a09
89e736d3-cb2f-5142-6252-8f8fc0cb9d00,f947c954-03fc-cfdb-4901-867cf9272a09
07fe0330-c4e3-4fb1-0b66-a72c78722c0e,f947c954-03fc-cfdb-4901-867cf9272a09
fd95c5e9-6fe4-2959-ded9-ac4991164a12,f947c954-03fc-cfdb-4901-867cf9272a09
059cd7b2-50f0-13c6-16d9-ba515a778bcd,f947c954-03fc-cfdb-4901-867cf9272a09
dd23382d-b824-c282-2426-ed67d1ed57af,f947c954-03fc-cfdb-4901-867cf9272a09
a7558946-acce-ac1a-c0de-f481ac178822,f947c954-03fc-cfdb-4901-867cf9272a09